{
  "id": 9,
  "type": "reconstruct",
  "width": 832,
  "height": 480,
  "intrinsic": [
    [
      [
        240.17770385742188,
        0.0,
        416.0
      ],
      [
        0.0,
        240.0,
        240.0
      ],
      [
        0.0,
        0.0,
        1.0
      ]
    ],
    [
      [
        240.17770385742188,
        0.0,
        416.0
      ],
      [
        0.0,
        240.0,
        240.0
      ],
      [
        0.0,
        0.0,
        1.0
      ]
    ],
    [
      [
        240.17770385742188,
        0.0,
        416.0
      ],
      [
        0.0,
        240.0,
        240.0
      ],
      [
        0.0,
        0.0,
        1.0
      ]
    ],
    [
      [
        240.17770385742188,
        0.0,
        416.0
      ],
      [
        0.0,
        240.0,
        240.0
      ],
      [
        0.0,
        0.0,
        1.0
      ]
    ],
    [
      [
        240.17770385742188,
        0.0,
        416.0
      ],
      [
        0.0,
        240.0,
        240.0
      ],
      [
        0.0,
        0.0,
        1.0
      ]
    ],
    [
      [
        240.17770385742188,
        0.0,
        416.0
      ],
      [
        0.0,
        240.0,
        240.0
      ],
      [
        0.0,
        0.0,
        1.0
      ]
    ],
    [
      [
        240.17770385742188,
        0.0,
        416.0
      ],
      [
        0.0,
        240.0,
        240.0
      ],
      [
        0.0,
        0.0,
        1.0
      ]
    ],
    [
      [
        240.17770385742188,
        0.0,
        416.0
      ],
      [
        0.0,
        240.0,
        240.0
      ],
      [
        0.0,
        0.0,
        1.0
      ]
    ],
    [
      [
        240.17770385742188,
        0.0,
        416.0
      ],
      [
        0.0,
        240.0,
        240.0
      ],
      [
        0.0,
        0.0,
        1.0
      ]
    ],
    [
      [
        240.17770385742188,
        0.0,
        416.0
      ],
      [
        0.0,
        240.0,
        240.0
      ],
      [
        0.0,
        0.0,
        1.0
      ]
    ],
    [
      [
        240.17770385742188,
        0.0,
        416.0
      ],
      [
        0.0,
        240.0,
        240.0
      ],
      [
        0.0,
        0.0,
        1.0
      ]
    ],
    [
      [
        240.17770385742188,
        0.0,
        416.0
      ],
      [
        0.0,
        240.0,
        240.0
      ],
      [
        0.0,
        0.0,
        1.0
      ]
    ],
    [
      [
        240.17770385742188,
        0.0,
        416.0
      ],
      [
        0.0,
        240.0,
        240.0
      ],
      [
        0.0,
        0.0,
        1.0
      ]
    ],
    [
      [
        240.17770385742188,
        0.0,
        416.0
      ],
      [
        0.0,
        240.0,
        240.0
      ],
      [
        0.0,
        0.0,
        1.0
      ]
    ],
    [
      [
        240.17770385742188,
        0.0,
        416.0
      ],
      [
        0.0,
        240.0,
        240.0
      ],
      [
        0.0,
        0.0,
        1.0
      ]
    ],
    [
      [
        240.17770385742188,
        0.0,
        416.0
      ],
      [
        0.0,
        240.0,
        240.0
      ],
      [
        0.0,
        0.0,
        1.0
      ]
    ],
    [
      [
        240.17770385742188,
        0.0,
        416.0
      ],
      [
        0.0,
        240.0,
        240.0
      ],
      [
        0.0,
        0.0,
        1.0
      ]
    ],
    [
      [
        240.17770385742188,
        0.0,
        416.0
      ],
      [
        0.0,
        240.0,
        240.0
      ],
      [
        0.0,
        0.0,
        1.0
      ]
    ],
    [
      [
        240.17770385742188,
        0.0,
        416.0
      ],
      [
        0.0,
        240.0,
        240.0
      ],
      [
        0.0,
        0.0,
        1.0
      ]
    ],
    [
      [
        240.17770385742188,
        0.0,
        416.0
      ],
      [
        0.0,
        240.0,
        240.0
      ],
      [
        0.0,
        0.0,
        1.0
      ]
    ],
    [
      [
        240.17770385742188,
        0.0,
        416.0
      ],
      [
        0.0,
        240.0,
        240.0
      ],
      [
        0.0,
        0.0,
        1.0
      ]
    ]
  ],
  "extrinsic": [
    [
      [
        0.21966031887533538,
        -0.9755764164388078,
        2.2458238492993218e-20,
        -0.0
      ],
      [
        -0.003278579540557766,
        -0.0007382033997561704,
        -0.9999943529700239,
        -0.0
      ],
      [
        0.97557090732954,
        0.2196590784469301,
        -0.0033606588733722347,
        0.0
      ],
      [
        0.0,
        0.0,
        0.0,
        1.0
      ]
    ],
    [
      [
        0.215192361564525,
        -0.9765716806892787,
        3.317803666423673e-20,
        0.013889316821147786
      ],
      [
        -0.003400808688975045,
        -0.0007493848812953098,
        -0.9999939364428967,
        0.0003692771986863507
      ],
      [
        0.9765657591911275,
        0.21519105673335254,
        -0.003482395359421752,
        -0.10604050414720495
      ],
      [
        0.0,
        0.0,
        0.0,
        1.0
      ]
    ],
    [
      [
        0.21156955962951768,
        -0.9773629425337202,
        -4.979629046942254e-21,
        0.025140850897210125
      ],
      [
        -0.003531917168100717,
        -0.0007645533991352665,
        -0.9999934704882917,
        0.0007674967345234027
      ],
      [
        0.9773565608309434,
        0.2115681781836009,
        -0.00361372118216858,
        -0.2123826616540238
      ],
      [
        0.0,
        0.0,
        0.0,
        1.0
      ]
    ],
    [
      [
        0.20877501347432942,
        -0.9779636975618233,
        8.847054947237829e-21,
        0.033813623067671016
      ],
      [
        -0.0036729112662361,
        -0.0007840905557232945,
        -0.9999929474375461,
        0.0011978918237188036
      ],
      [
        0.9779568004117688,
        0.20877354107550808,
        -0.0037556723990809604,
        -0.31895310565560364
      ],
      [
        0.0,
        0.0,
        0.0,
        1.0
      ]
    ],
    [
      [
        0.20678507806958366,
        -0.9783863917122704,
        1.7760632829790755e-19,
        0.03998592226700575
      ],
      [
        -0.0038249686879405485,
        -0.0008084193069828647,
        -0.9999923580071801,
        0.001664230684646212
      ],
      [
        0.9783789148904899,
        0.20678349781950178,
        -0.00390946636251398,
        -0.4256892916549088
      ],
      [
        0.0,
        0.0,
        0.0,
        1.0
      ]
    ],
    [
      [
        0.2055699723713865,
        -0.9786424201204581,
        3.3268217357815347e-19,
        0.04375350076675816
      ],
      [
        -0.003989476453448544,
        -0.0008380145265016904,
        -0.9999916908701193,
        0.002170935772502711
      ],
      [
        0.9786342884534829,
        0.20556826426378655,
        -0.004076541514476237,
        -0.532539096242796
      ],
      [
        0.0,
        0.0,
        0.0,
        1.0
      ]
    ],
    [
      [
        0.20509438981066844,
        -0.9787421985733473,
        -1.7801971541829979e-19,
        0.045227814642429184
      ],
      [
        -0.004168078590187873,
        -0.0008734164485638351,
        -0.9999909320911732,
        0.0027232339205243614
      ],
      [
        0.9787333234283259,
        0.20509253003344077,
        -0.004258607216755778,
        -0.6394600600339018
      ],
      [
        0.0,
        0.0,
        0.0,
        1.0
      ]
    ],
    [
      [
        0.20531727886271167,
        -0.9786954659138927,
        1.1747021953367187e-19,
        0.04453687488373262
      ],
      [
        -0.0043627376120538835,
        -0.000915244267595,
        -0.999990064374871,
        0.0033273474016142345
      ],
      [
        0.9786857419626279,
        0.20531523890719638,
        -0.00445770698240644,
        -0.7464183616083189
      ],
      [
        0.0,
        0.0,
        0.0,
        1.0
      ]
    ],
    [
      [
        0.20619118422448257,
        -0.9785117247882651,
        1.8776223714401064e-19,
        0.04182749139233928
      ],
      [
        -0.004575814469245642,
        -0.0009642118538839565,
        -0.9999890660489463,
        0.003990741079389762
      ],
      [
        0.9785010257889608,
        0.20618892974016653,
        -0.004676300092608269,
        -0.8533877992839135
      ],
      [
        0.0,
        0.0,
        0.0,
        1.0
      ]
    ],
    [
      [
        0.20766093982397696,
        -0.9782008659122228,
        -1.2327573103962801e-19,
        0.037269557991767885
      ],
      [
        -0.004810173990439756,
        -0.00102114533566688,
        -0.9999879096711045,
        0.004722446268949102
      ],
      [
        0.9781890391420281,
        0.20765842913491575,
        -0.004917368362738077,
        -0.9603488745738401
      ],
      [
        0.0,
        0.0,
        0.0,
        1.0
      ]
    ],
    [
      [
        0.2096615766998546,
        -0.9777740144101453,
        2.1054306581611147e-20,
        0.031062809577276453
      ],
      [
        -0.005069325829360249,
        -0.00108700254918325,
        -0.9999865600902312,
        0.005533490947651029
      ],
      [
        0.9777608732156176,
        0.2096587588671818,
        -0.005184557734865131,
        -1.067288062166007
      ],
      [
        0.0,
        0.0,
        0.0,
        1.0
      ]
    ],
    [
      [
        0.21211517714041309,
        -0.9772446733682876,
        -3.4656793149073997e-19,
        0.023446896625472974
      ],
      [
        -0.00535761565180291,
        -0.0011628936171281074,
        -0.9999849717035564,
        0.006437479447001772
      ],
      [
        0.9772299870456386,
        0.21211198941065088,
        -0.0054823687432715455,
        -1.1741973231101663
      ],
      [
        0.0,
        0.0,
        0.0,
        1.0
      ]
    ],
    [
      [
        0.21492640638943517,
        -0.9766302472463791,
        8.613764777066884e-20,
        0.014715627525239907
      ],
      [
        -0.005680488378719213,
        -0.0012501015171477385,
        -0.9999830845059213,
        0.007451385449170338
      ],
      [
        0.9766137270632145,
        0.21492277080308048,
        -0.005816416596491272,
        -1.2810738848724887
      ],
      [
        0.0,
        0.0,
        0.0,
        1.0
      ]
    ],
    [
      [
        0.2179762027586925,
        -0.9759540844890712,
        -2.3931943223285763e-19,
        0.005237008410855472
      ],
      [
        -0.00604485678571937,
        -0.0013500993021213986,
        -0.9999808182851881,
        0.008596654644805399
      ],
      [
        0.9759353640161534,
        0.21797202160133547,
        -0.006193792189397882,
        -1.3879202729698559
      ],
      [
        0.0,
        0.0,
        0.0,
        1.0
      ]
    ],
    [
      [
        0.22111265062359667,
        -0.9752482738945029,
        -2.6050756888892235e-20,
        -0.004517875441515505
      ],
      [
        -0.006459627593880042,
        -0.0014645556598838426,
        -0.9999780639034376,
        0.009900765851356774
      ],
      [
        0.9752268807541946,
        0.22110780027514146,
        -0.006623572444875518,
        -1.494744527911189
      ],
      [
        0.0,
        0.0,
        0.0,
        1.0
      ]
    ],
    [
      [
        0.22413793871504092,
        -0.9745574300309718,
        6.526220580519388e-19,
        -0.013933730773916218
      ],
      [
        -0.0069364674776359065,
        -0.0015953144211848264,
        -0.9999746698746069,
        0.01139948501341578
      ],
      [
        0.9745327443690663,
        0.22413226127294797,
        -0.007117556404465012,
        -1.6015603692132296
      ],
      [
        0.0,
        0.0,
        0.0,
        1.0
      ]
    ],
    [
      [
        0.22678883345826906,
        -0.9739439537358592,
        -5.9518452174455656e-21,
        -0.022189747713642648
      ],
      [
        -0.007490945262863752,
        -0.0017443126282042317,
        -0.999970421118807,
        0.013140191923552097
      ],
      [
        0.9739151455633628,
        0.22678212529830827,
        -0.007691351472669394,
        -1.7083867897686877
      ],
      [
        0.0,
        0.0,
        0.0,
        1.0
      ]
    ],
    [
      [
        0.22870709343057616,
        -0.9734952826873572,
        3.6460388922273134e-19,
        -0.028167188626622413
      ],
      [
        -0.008144278912263733,
        -0.0019133676261582598,
        -0.9999650042603124,
        0.015186910062182903
      ],
      [
        0.9734612144998572,
        0.22869908965666974,
        -0.008366017850421683,
        -1.815245778404148
      ],
      [
        0.0,
        0.0,
        0.0,
        1.0
      ]
    ],
    [
      [
        0.2293930332052556,
        -0.9733338771032746,
        4.291383189282666e-20,
        -0.03030527311405197
      ],
      [
        -0.00892608622620195,
        -0.002103678955646646,
        -0.9999579488756184,
        0.017628117772723894
      ],
      [
        0.9732929473193438,
        0.229383386970284,
        -0.009170631410433129,
        -1.9221551604938272
      ],
      [
        0.0,
        0.0,
        0.0,
        1.0
      ]
    ],
    [
      [
        0.22812983205912207,
        -0.9736307204092712,
        1.6915266959240745e-19,
        -0.026368119750361053
      ],
      [
        -0.009878858634086798,
        -0.0023146993145231583,
        -0.9999485238346879,
        0.020589240030521715
      ],
      [
        0.9735806016333545,
        0.2281180888101743,
        -0.010146412214616813,
        -2.029109377769921
      ],
      [
        0.0,
        0.0,
        0.0,
        1.0
      ]
    ],
    [
      [
        0.22385413085174044,
        -0.9746226593408405,
        -3.0859976918232765e-19,
        -0.013050132078791393
      ],
      [
        -0.0110655051585711,
        -0.002541556997435988,
        -0.9999355454646137,
        0.024253263918169978
      ],
      [
        0.9745598404901556,
        0.2238397024377421,
        -0.011353630097267545,
        -2.1360305450808315
      ],
      [
        0.0,
        0.0,
        0.0,
        1.0
      ]
    ]
  ]
}