{
  "id": 9,
  "type": "reconstruct",
  "width": 832,
  "height": 480,
  "intrinsic": [
    [
      [
        240.17770385742188,
        0.0,
        416.0
      ],
      [
        0.0,
        240.0,
        240.0
      ],
      [
        0.0,
        0.0,
        1.0
      ]
    ],
    [
      [
        240.17770385742188,
        0.0,
        416.0
      ],
      [
        0.0,
        240.0,
        240.0
      ],
      [
        0.0,
        0.0,
        1.0
      ]
    ],
    [
      [
        240.17770385742188,
        0.0,
        416.0
      ],
      [
        0.0,
        240.0,
        240.0
      ],
      [
        0.0,
        0.0,
        1.0
      ]
    ],
    [
      [
        240.17770385742188,
        0.0,
        416.0
      ],
      [
        0.0,
        240.0,
        240.0
      ],
      [
        0.0,
        0.0,
        1.0
      ]
    ],
    [
      [
        240.17770385742188,
        0.0,
        416.0
      ],
      [
        0.0,
        240.0,
        240.0
      ],
      [
        0.0,
        0.0,
        1.0
      ]
    ],
    [
      [
        240.17770385742188,
        0.0,
        416.0
      ],
      [
        0.0,
        240.0,
        240.0
      ],
      [
        0.0,
        0.0,
        1.0
      ]
    ],
    [
      [
        240.17770385742188,
        0.0,
        416.0
      ],
      [
        0.0,
        240.0,
        240.0
      ],
      [
        0.0,
        0.0,
        1.0
      ]
    ],
    [
      [
        240.17770385742188,
        0.0,
        416.0
      ],
      [
        0.0,
        240.0,
        240.0
      ],
      [
        0.0,
        0.0,
        1.0
      ]
    ],
    [
      [
        240.17770385742188,
        0.0,
        416.0
      ],
      [
        0.0,
        240.0,
        240.0
      ],
      [
        0.0,
        0.0,
        1.0
      ]
    ],
    [
      [
        240.17770385742188,
        0.0,
        416.0
      ],
      [
        0.0,
        240.0,
        240.0
      ],
      [
        0.0,
        0.0,
        1.0
      ]
    ],
    [
      [
        240.17770385742188,
        0.0,
        416.0
      ],
      [
        0.0,
        240.0,
        240.0
      ],
      [
        0.0,
        0.0,
        1.0
      ]
    ],
    [
      [
        240.17770385742188,
        0.0,
        416.0
      ],
      [
        0.0,
        240.0,
        240.0
      ],
      [
        0.0,
        0.0,
        1.0
      ]
    ],
    [
      [
        240.17770385742188,
        0.0,
        416.0
      ],
      [
        0.0,
        240.0,
        240.0
      ],
      [
        0.0,
        0.0,
        1.0
      ]
    ],
    [
      [
        240.17770385742188,
        0.0,
        416.0
      ],
      [
        0.0,
        240.0,
        240.0
      ],
      [
        0.0,
        0.0,
        1.0
      ]
    ],
    [
      [
        240.17770385742188,
        0.0,
        416.0
      ],
      [
        0.0,
        240.0,
        240.0
      ],
      [
        0.0,
        0.0,
        1.0
      ]
    ],
    [
      [
        240.17770385742188,
        0.0,
        416.0
      ],
      [
        0.0,
        240.0,
        240.0
      ],
      [
        0.0,
        0.0,
        1.0
      ]
    ],
    [
      [
        240.17770385742188,
        0.0,
        416.0
      ],
      [
        0.0,
        240.0,
        240.0
      ],
      [
        0.0,
        0.0,
        1.0
      ]
    ],
    [
      [
        240.17770385742188,
        0.0,
        416.0
      ],
      [
        0.0,
        240.0,
        240.0
      ],
      [
        0.0,
        0.0,
        1.0
      ]
    ],
    [
      [
        240.17770385742188,
        0.0,
        416.0
      ],
      [
        0.0,
        240.0,
        240.0
      ],
      [
        0.0,
        0.0,
        1.0
      ]
    ],
    [
      [
        240.17770385742188,
        0.0,
        416.0
      ],
      [
        0.0,
        240.0,
        240.0
      ],
      [
        0.0,
        0.0,
        1.0
      ]
    ],
    [
      [
        240.17770385742188,
        0.0,
        416.0
      ],
      [
        0.0,
        240.0,
        240.0
      ],
      [
        0.0,
        0.0,
        1.0
      ]
    ]
  ],
  "extrinsic": [
    [
      [
        0.8937317199013427,
        -0.4486018422188969,
        -5.8394705918917446e-18,
        0.6839292571520208
      ],
      [
        -0.19866914509112693,
        -0.39580068564895166,
        -0.8965893084509655,
        -0.14667411193242044
      ],
      [
        0.4022116154848699,
        0.8013103046870367,
        -0.4428629720031011,
        0.29694611854844233
      ],
      [
        0.0,
        0.0,
        0.0,
        1.0
      ]
    ],
    [
      [
        0.9427115064625258,
        -0.32733698873069267,
        -0.06438564585276613,
        0.6207726308635559
      ],
      [
        -0.21109378711559418,
        -0.4358460178550788,
        -0.8749158026696434,
        -0.12387209481995894
      ],
      [
        0.25833007688682247,
        0.8383846041815134,
        -0.4799758606920307,
        0.2032961966121601
      ],
      [
        0.0,
        0.0,
        0.0,
        1.0
      ]
    ],
    [
      [
        0.9551262672523891,
        -0.28328612490603877,
        -0.08650309266285132,
        0.595578962837301
      ],
      [
        -0.219120122380057,
        -0.4792703079585721,
        -0.8498743106350751,
        -0.09600597229125847
      ],
      [
        0.19929923625710783,
        0.830691846201114,
        -0.5198373506033573,
        0.1755395376117799
      ],
      [
        0.0,
        0.0,
        0.0,
        1.0
      ]
    ],
    [
      [
        0.9618873673660044,
        -0.25418474717299266,
        -0.100810747474159,
        0.5783366244834278
      ],
      [
        -0.2259179793609723,
        -0.5310177036059525,
        -0.8166892095886388,
        -0.06043179783322975
      ],
      [
        0.15405764863567192,
        0.8083379941346701,
        -0.5682041254119732,
        0.1620936475284859
      ],
      [
        0.0,
        0.0,
        0.0,
        1.0
      ]
    ],
    [
      [
        0.9642908711546446,
        -0.2424548748697029,
        -0.10657743410184596,
        0.5712492936036412
      ],
      [
        -0.2329078127288506,
        -0.5847400604901535,
        -0.7770669291816724,
        -0.021913347025677925
      ],
      [
        0.12608356981652796,
        0.7741412631489736,
        -0.6203291369204194,
        0.16349702233137642
      ],
      [
        0.0,
        0.0,
        0.0,
        1.0
      ]
    ],
    [
      [
        0.9629628604634182,
        -0.24895823026349445,
        -0.10354867914261472,
        0.5751610464376268
      ],
      [
        -0.24294745945698062,
        -0.6345422574226572,
        -0.7337115615065345,
        0.014048249646152079
      ],
      [
        0.1169575192602427,
        0.7316938725512381,
        -0.6715243968460586,
        0.17888131159007797
      ],
      [
        0.0,
        0.0,
        0.0,
        1.0
      ]
    ],
    [
      [
        0.9575840727118251,
        -0.27312565540585954,
        -0.09184290962155697,
        0.5895455767588581
      ],
      [
        -0.2588886365058519,
        -0.6755070717899466,
        -0.6904106530536105,
        0.042192657857949775
      ],
      [
        0.12652832717132823,
        0.6849033306393624,
        -0.7175639414730465,
        0.20628036023816393
      ],
      [
        0.0,
        0.0,
        0.0,
        1.0
      ]
    ],
    [
      [
        0.9470598425482584,
        -0.31286611983110046,
        -0.07205862678610757,
        0.6125231520727793
      ],
      [
        -0.28214387156947945,
        -0.7039367314595406,
        -0.6518189271859507,
        0.05838591017177449
      ],
      [
        0.1532073443678635,
        0.6376424304921137,
        -0.7549434683920755,
        0.2429625856208382
      ],
      [
        0.0,
        0.0,
        0.0,
        1.0
      ]
    ],
    [
      [
        0.9301288044216895,
        -0.36440129618784706,
        -0.04552035282920151,
        0.640990639279976
      ],
      [
        -0.3116212884056477,
        -0.7176038592366217,
        -0.6228457865484124,
        0.060443582871498404
      ],
      [
        0.19430023107933292,
        0.5935119177786771,
        -0.7810192210548946,
        0.2857337868955136
      ],
      [
        0.0,
        0.0,
        0.0,
        1.0
      ]
    ],
    [
      [
        0.9062951966627986,
        -0.42239758257036164,
        -0.01446716090509779,
        0.6710747381612248
      ],
      [
        -0.34344771669947094,
        -0.71608782805329,
        -0.6076692261484383,
        0.04874128058069742
      ],
      [
        0.24631825429687368,
        0.5556964141981091,
        -0.7940584442265595,
        0.33118667739803226
      ],
      [
        0.0,
        0.0,
        0.0,
        1.0
      ]
    ],
    [
      [
        0.8766998999888689,
        -0.48069853529237017,
        0.018061105372521168,
        0.6989814527000094
      ],
      [
        -0.37179111374327156,
        -0.7009425676502807,
        -0.6086467650430497,
        0.02624976141425874
      ],
      [
        0.30523540604105065,
        0.526885599559906,
        -0.7932357227680514,
        0.37589002898925017
      ],
      [
        0.0,
        0.0,
        0.0,
        1.0
      ]
    ],
    [
      [
        0.8443841410143799,
        -0.5335177495026105,
        0.04872610562190611,
        0.7219450519886736
      ],
      [
        -0.3905920337121592,
        -0.6753162025952549,
        -0.6256084156346712,
        -0.002284114633407442
      ],
      [
        0.36667872259514456,
        0.5092217959573154,
        -0.7786140744412465,
        0.4165243804652341
      ],
      [
        0.0,
        0.0,
        0.0,
        1.0
      ]
    ],
    [
      [
        0.813688800713503,
        -0.5764993224004291,
        0.07455915011094928,
        0.7387487589222391
      ],
      [
        -0.39543836803021915,
        -0.6429640003112018,
        -0.6559159941588659,
        -0.03181391394978428
      ],
      [
        0.42607397559932947,
        0.5042279500143387,
        -0.7511425575357311,
        0.44999275333174416
      ],
      [
        0.0,
        0.0,
        0.0,
        1.0
      ]
    ],
    [
      [
        0.7891177760370999,
        -0.6070956072974499,
        0.09342408224008064,
        0.749530843666597
      ],
      [
        -0.38476262079007956,
        -0.6071135983244894,
        -0.6952487356135496,
        -0.058463924703273835
      ],
      [
        0.47880148410903056,
        0.5126870413123686,
        -0.7126718294456142,
        0.473548583554652
      ],
      [
        0.0,
        0.0,
        0.0,
        1.0
      ]
    ],
    [
      [
        0.7742861986183963,
        -0.6242163911378005,
        0.10409024768907967,
        0.7550861736921285
      ],
      [
        -0.36006622775151237,
        -0.5698105874222562,
        -0.7386935806505287,
        -0.08034743479244981
      ],
      [
        0.5204163662509753,
        0.534480861674582,
        -0.6659557149253444,
        0.4849706596750922
      ],
      [
        0.0,
        0.0,
        0.0,
        1.0
      ]
    ],
    [
      [
        0.771321425926171,
        -0.6275511263399994,
        0.10603226743126845,
        0.7561183504716914
      ],
      [
        -0.3254185381563265,
        -0.5320459257696439,
        -0.7816840204942925,
        -0.09753051215370019
      ],
      [
        0.5469607233900962,
        0.568424767846476,
        -0.6145951922747702,
        0.4827879385909213
      ],
      [
        0.0,
        0.0,
        0.0,
        1.0
      ]
    ],
    [
      [
        0.7806614750149387,
        -0.6170306620926671,
        0.09920092471840057,
        0.7527684035533956
      ],
      [
        -0.28659129692305385,
        -0.4945154078152372,
        -0.8205607472706039,
        -0.11133862055505252
      ],
      [
        0.5553675269184027,
        0.6121500416326171,
        -0.562884745373085,
        0.4665335112222657
      ],
      [
        0.0,
        0.0,
        0.0,
        1.0
      ]
    ],
    [
      [
        0.8010338245317213,
        -0.5927044575382329,
        0.08394187256901202,
        0.7445256827721461
      ],
      [
        -0.2499776703514913,
        -0.45861325955296633,
        -0.8527514541106597,
        -0.12331687778211026
      ],
      [
        0.5439264438154522,
        0.6620991649115051,
        -0.5155276127830237,
        0.43698393612651626
      ],
      [
        0.0,
        0.0,
        0.0,
        1.0
      ]
    ],
    [
      [
        0.8295388830040961,
        -0.5550953930812202,
        0.06110929687307637,
        0.730522563643446
      ],
      [
        -0.22127990447224666,
        -0.42719264793073336,
        -0.876665070269531,
        -0.13414018659391405
      ],
      [
        0.5127381841262356,
        0.7137055037856538,
        -0.47720436754601936,
        0.3963138058652446
      ],
      [
        0.0,
        0.0,
        0.0,
        1.0
      ]
    ],
    [
      [
        0.8619912474355954,
        -0.5058931764589111,
        0.032298349133333557,
        0.7101672642615374
      ],
      [
        -0.20406577085581132,
        -0.4046199817428163,
        -0.8914257296822131,
        -0.14282459659700225
      ],
      [
        0.46403475140279005,
        0.7618101892116931,
        -0.45201436382464094,
        0.3480782519777656
      ],
      [
        0.0,
        0.0,
        0.0,
        1.0
      ]
    ],
    [
      [
        0.8937317199013426,
        -0.448601842218897,
        -9.05097489999725e-18,
        0.6839292571520208
      ],
      [
        -0.1986691450911269,
        -0.39580068564895154,
        -0.8965893084509655,
        -0.14667411193242041
      ],
      [
        0.40221161548487006,
        0.8013103046870368,
        -0.4428629720031009,
        0.2969461185484424
      ],
      [
        0.0,
        0.0,
        0.0,
        1.0
      ]
    ]
  ],
  "eloop_rotation": 0.5
}