{
  "extrinsic": [
    [
      [
        -0.8660254115562508,
        -0.500000013461174,
        -0.0,
        -0.0
      ],
      [
        -0.0,
        -0.0,
        -1.0,
        -0.0
      ],
      [
        0.500000013461174,
        -0.866025411556251,
        -0.0,
        -0.0
      ],
      [
        0.0,
        0.0,
        0.0,
        1.0
      ]
    ],
    [
      [
        -0.8660254085420981,
        -0.5000000186818395,
        -1.934473011751823e-09,
        6.46318040648879e-11
      ],
      [
        -0.04357787190667121,
        0.07547908687336682,
        -0.9961946756674018,
        0.06777474555884537
      ],
      [
        0.4980973565904623,
        -0.8627299132459568,
        -0.08715574389473865,
        0.002959146304492712
      ],
      [
        0.0,
        0.0,
        0.0,
        1.0
      ]
    ],
    [
      [
        -0.8660254115381097,
        -0.5000000134925949,
        2.789811273104341e-09,
        -3.8977524114993585e-10
      ],
      [
        -0.08682409558724093,
        0.15038374217919578,
        -0.9848077754263973,
        0.13503368898712192
      ],
      [
        0.4924039005812688,
        -0.8528685583443693,
        -0.17364818172986807,
        0.011813894728143948
      ],
      [
        0.0,
        0.0,
        0.0,
        1.0
      ]
    ],
    [
      [
        -0.8660254077216059,
        -0.5000000201029736,
        -2.042060850032554e-09,
        -1.4191027357646354e-10
      ],
      [
        -0.12940953051136425,
        0.22414387780633144,
        -0.9659258378568102,
        0.20126494451887159
      ],
      [
        0.4829629388041021,
        -0.8365163331674943,
        -0.2588190540330978,
        0.02649699785848497
      ],
      [
        0.0,
        0.0,
        0.0,
        1.0
      ]
    ],
    [
      [
        -0.8660254085432777,
        -0.5000000186797962,
        1.531102408065364e-09,
        -7.236020789794557e-10
      ],
      [
        -0.17101008352940003,
        0.2961981479632855,
        -0.9396926181437953,
        0.2659644443186636
      ],
      [
        0.46984632617165456,
        -0.8137976940726548,
        -0.3420201517890514,
        0.0468967214258731
      ],
      [
        0.0,
        0.0,
        0.0,
        1.0
      ]
    ],
    [
      [
        -0.8660254128136153,
        -0.5000000112833546,
        2.4786393898703746e-09,
        -1.160571318910178e-10
      ],
      [
        -0.2113091269805919,
        0.36599813746438925,
        -0.9063077636428621,
        0.32863979043185365
      ],
      [
        0.4531538911404456,
        -0.7848855490154801,
        -0.4226182405331843,
        0.07285769836602699
      ],
      [
        0.0,
        0.0,
        0.0,
        1.0
      ]
    ],
    [
      [
        -0.8660254173851101,
        -0.5000000033652935,
        6.730587010224437e-09,
        -1.9425059833260958e-09
      ],
      [
        -0.2500000084132337,
        0.43301270869255515,
        -0.8660254173851103,
        0.3888140205046727
      ],
      [
        0.43301270869255515,
        -0.7499999983173533,
        -0.5000000033652935,
        0.1041823784288717
      ],
      [
        0.0,
        0.0,
        0.0,
        1.0
      ]
    ],
    [
      [
        -0.8660254135562327,
        -0.5000000099971035,
        8.892868461239493e-09,
        -3.775036099185679e-09
      ],
      [
        -0.28678822025072714,
        0.4967317595710562,
        -0.8191520355651306,
        0.4460291012192701
      ],
      [
        0.4095760215543428,
        -0.7094064661614556,
        -0.5735764164159318,
        0.14063241433822415
      ],
      [
        0.0,
        0.0,
        0.0,
        1.0
      ]
    ],
    [
      [
        -0.866025416048689,
        -0.5000000056800429,
        -2.8273330443879776e-09,
        6.091993801411304e-10
      ],
      [
        -0.3213938132975778,
        0.5566704038784612,
        -0.7660444156296949,
        0.49984967801870883
      ],
      [
        0.3830222137399052,
        -0.6634139227179151,
        -0.6427876230444174,
        0.18193039976805836
      ],
      [
        0.0,
        0.0,
        0.0,
        1.0
      ]
    ],
    [
      [
        -0.8660254059531292,
        -0.500000023166065,
        2.3877501719777046e-19,
        6.022335316217681e-10
      ],
      [
        -0.3535534130249644,
        0.6123724635576194,
        -0.7071067932881648,
        0.5498660439315028
      ],
      [
        0.35355341302496435,
        -0.6123724635576194,
        -0.7071067932881648,
        0.22776195331007013
      ],
      [
        0.0,
        0.0,
        0.0,
        1.0
      ]
    ],
    [
      [
        -0.8145759520071318,
        -0.5800569328385128,
        -3.4195869984749375e-17,
        -0.0739182396600887
      ],
      [
        -0.4101621992104593,
        0.5759922050896771,
        -0.7071067932881647,
        0.5473762083008052
      ],
      [
        0.4101621992104593,
        -0.5759922050896771,
        -0.7071067932881648,
        0.23025178894076775
      ],
      [
        0.0,
        0.0,
        0.0,
        1.0
      ]
    ],
    [
      [
        -0.7557495720995513,
        -0.6548607571031365,
        2.2934161854572826e-17,
        -0.14716706486820844
      ],
      [
        -0.46305649300471635,
        0.534395672017843,
        -0.7071067932881648,
        0.5399292489285256
      ],
      [
        0.4630564930047164,
        -0.534395672017843,
        -0.7071067932881648,
        0.2376987483130474
      ],
      [
        0.0,
        0.0,
        0.0,
        1.0
      ]
    ],
    [
      [
        -0.6900790070363206,
        -0.7237340609437376,
        1.517182475787234e-17,
        -0.21908312231817997
      ],
      [
        -0.5117572754922509,
        0.4879595689869985,
        -0.7071067932881648,
        0.5275926066319296
      ],
      [
        0.511757275492251,
        -0.48795956898699844,
        -0.7071067932881648,
        0.25003539060964336
      ],
      [
        0.0,
        0.0,
        0.0,
        1.0
      ]
    ],
    [
      [
        -0.6181589796239914,
        -0.7860531170554403,
        -5.454220951514599e-17,
        -0.2890151290572593
      ],
      [
        -0.5558235048453534,
        0.43710442853699905,
        -0.707106793288165,
        0.5104780039540313
      ],
      [
        0.5558235048453534,
        -0.4371044285369991,
        -0.7071067932881648,
        0.2671499932875416
      ],
      [
        0.0,
        0.0,
        0.0,
        1.0
      ]
    ],
    [
      [
        -0.5406408087679012,
        -0.8412535544157526,
        9.258181900455767e-18,
        -0.35632977000317795
      ],
      [
        -0.5948561104671769,
        0.3822908026948735,
        -0.7071067932881648,
        0.48874043338694406
      ],
      [
        0.5948561104671769,
        -0.3822908026948735,
        -0.7071067932881648,
        0.288887563854629
      ],
      [
        0.0,
        0.0,
        0.0,
        1.0
      ]
    ],
    [
      [
        -0.45822651102730877,
        -0.8888354693159402,
        -3.914492917436024e-18,
        -0.4204174333436001
      ],
      [
        -0.6285016070368625,
        0.32401509214434787,
        -0.7071067932881648,
        0.46257675373586893
      ],
      [
        0.6285016070368625,
        -0.324015092144348,
        -0.7071067932881648,
        0.31505124350570407
      ],
      [
        0.0,
        0.0,
        0.0,
        1.0
      ]
    ],
    [
      [
        -0.3716624430447223,
        -0.9283679525664252,
        5.388990829087865e-18,
        -0.4806977312750943
      ],
      [
        -0.6564552957273407,
        0.2628050507443847,
        -0.7071067932881648,
        0.43222390733527233
      ],
      [
        0.6564552957273408,
        -0.26280505074438476,
        -0.7071067932881648,
        0.34540408990630067
      ],
      [
        0.0,
        0.0,
        0.0,
        1.0
      ]
    ],
    [
      [
        -0.28173254242456947,
        -0.959492991877135,
        2.7000153837816758e-17,
        -0.5366247560849583
      ],
      [
        -0.6784640236050948,
        0.1992150061085115,
        -0.7071067932881647,
        0.3979567742624125
      ],
      [
        0.6784640236050948,
        -0.1992150061085115,
        -0.7071067932881648,
        0.37967122297916045
      ],
      [
        0.0,
        0.0,
        0.0,
        1.0
      ]
    ],
    [
      [
        -0.18925122827285665,
        -0.9819287140722402,
        -3.0151616175845916e-18,
        -0.5876920239759995
      ],
      [
        -0.6943284762223281,
        0.13382083952811288,
        -0.7071067932881648,
        0.3600856829807943
      ],
      [
        0.6943284762223281,
        -0.13382083952811286,
        -0.7071067932881648,
        0.4175423142607786
      ],
      [
        0.0,
        0.0,
        0.0,
        1.0
      ]
    ],
    [
      [
        -0.09505602569162709,
        -0.9954719377772839,
        1.0070647976511357e-17,
        -0.6334370618622347
      ],
      [
        -0.7039049826394677,
        0.067214770702278,
        -0.7071067932881647,
        0.31895359995754746
      ],
      [
        0.7039049826394677,
        -0.06721477070227799,
        -0.7071067932881648,
        0.4586743972840256
      ],
      [
        0.0,
        0.0,
        0.0,
        1.0
      ]
    ],
    [
      [
        1.897805541097142e-08,
        -1.0000000134611735,
        -3.4073397549624133e-25,
        -0.6734455955967719
      ],
      [
        -0.7071068165314411,
        -5.495501374510812e-09,
        -0.7071067932881648,
        0.2749330237059912
      ],
      [
        0.707106816531441,
        5.495501374510812e-09,
        -0.7071067932881648,
        0.5026949735355818
      ],
      [
        0.0,
        0.0,
        0.0,
        1.0
      ]
    ]
  ],
  "intrinsic": [
    [
      [
        240.17770385742188,
        0.0,
        416.0
      ],
      [
        0.0,
        240.0,
        240.0
      ],
      [
        0.0,
        0.0,
        1.0
      ]
    ],
    [
      [
        240.17770385742188,
        0.0,
        416.0
      ],
      [
        0.0,
        240.0,
        240.0
      ],
      [
        0.0,
        0.0,
        1.0
      ]
    ],
    [
      [
        240.17770385742188,
        0.0,
        416.0
      ],
      [
        0.0,
        240.0,
        240.0
      ],
      [
        0.0,
        0.0,
        1.0
      ]
    ],
    [
      [
        240.17770385742188,
        0.0,
        416.0
      ],
      [
        0.0,
        240.0,
        240.0
      ],
      [
        0.0,
        0.0,
        1.0
      ]
    ],
    [
      [
        240.17770385742188,
        0.0,
        416.0
      ],
      [
        0.0,
        240.0,
        240.0
      ],
      [
        0.0,
        0.0,
        1.0
      ]
    ],
    [
      [
        240.17770385742188,
        0.0,
        416.0
      ],
      [
        0.0,
        240.0,
        240.0
      ],
      [
        0.0,
        0.0,
        1.0
      ]
    ],
    [
      [
        240.17770385742188,
        0.0,
        416.0
      ],
      [
        0.0,
        240.0,
        240.0
      ],
      [
        0.0,
        0.0,
        1.0
      ]
    ],
    [
      [
        240.17770385742188,
        0.0,
        416.0
      ],
      [
        0.0,
        240.0,
        240.0
      ],
      [
        0.0,
        0.0,
        1.0
      ]
    ],
    [
      [
        240.17770385742188,
        0.0,
        416.0
      ],
      [
        0.0,
        240.0,
        240.0
      ],
      [
        0.0,
        0.0,
        1.0
      ]
    ],
    [
      [
        240.17770385742188,
        0.0,
        416.0
      ],
      [
        0.0,
        240.0,
        240.0
      ],
      [
        0.0,
        0.0,
        1.0
      ]
    ],
    [
      [
        240.17770385742188,
        0.0,
        416.0
      ],
      [
        0.0,
        240.0,
        240.0
      ],
      [
        0.0,
        0.0,
        1.0
      ]
    ],
    [
      [
        240.17770385742188,
        0.0,
        416.0
      ],
      [
        0.0,
        240.0,
        240.0
      ],
      [
        0.0,
        0.0,
        1.0
      ]
    ],
    [
      [
        240.17770385742188,
        0.0,
        416.0
      ],
      [
        0.0,
        240.0,
        240.0
      ],
      [
        0.0,
        0.0,
        1.0
      ]
    ],
    [
      [
        240.17770385742188,
        0.0,
        416.0
      ],
      [
        0.0,
        240.0,
        240.0
      ],
      [
        0.0,
        0.0,
        1.0
      ]
    ],
    [
      [
        240.17770385742188,
        0.0,
        416.0
      ],
      [
        0.0,
        240.0,
        240.0
      ],
      [
        0.0,
        0.0,
        1.0
      ]
    ],
    [
      [
        240.17770385742188,
        0.0,
        416.0
      ],
      [
        0.0,
        240.0,
        240.0
      ],
      [
        0.0,
        0.0,
        1.0
      ]
    ],
    [
      [
        240.17770385742188,
        0.0,
        416.0
      ],
      [
        0.0,
        240.0,
        240.0
      ],
      [
        0.0,
        0.0,
        1.0
      ]
    ],
    [
      [
        240.17770385742188,
        0.0,
        416.0
      ],
      [
        0.0,
        240.0,
        240.0
      ],
      [
        0.0,
        0.0,
        1.0
      ]
    ],
    [
      [
        240.17770385742188,
        0.0,
        416.0
      ],
      [
        0.0,
        240.0,
        240.0
      ],
      [
        0.0,
        0.0,
        1.0
      ]
    ],
    [
      [
        240.17770385742188,
        0.0,
        416.0
      ],
      [
        0.0,
        240.0,
        240.0
      ],
      [
        0.0,
        0.0,
        1.0
      ]
    ],
    [
      [
        240.17770385742188,
        0.0,
        416.0
      ],
      [
        0.0,
        240.0,
        240.0
      ],
      [
        0.0,
        0.0,
        1.0
      ]
    ]
  ],
  "width": 832,
  "height": 480,
  "type": "up-right-aerial",
  "rotation_deg": 105.0
}