{
  "motion_list": [
    "rotation_left_up-phi-99.79550229481049-theta-24.78616133379454",
    "pan_right-phi-72.05542552244495-theta-2.549913040423462"
  ],
  "extrinsic": [
    [
      [
        1.0,
        0.0,
        0.0,
        0.0
      ],
      [
        0.0,
        1.0,
        0.0,
        0.0
      ],
      [
        0.0,
        0.0,
        1.0,
        15.283963203430176
      ],
      [
        0.0,
        0.0,
        0.0,
        1.0
      ]
    ],
    [
      [
        0.999052107334137,
        2.397141339594011e-11,
        0.04353024438023567,
        -0.02149863727390766
      ],
      [
        0.00047077055205591023,
        0.9999415278434753,
        -0.010804541409015656,
        1.5722084745206644e-10
      ],
      [
        -0.04352770000696182,
        0.010814792476594448,
        0.9989936947822571,
        15.270533561706543
      ],
      [
        0.0,
        0.0,
        0.0,
        1.0
      ]
    ],
    [
      [
        0.9962102770805359,
        7.153003883653142e-11,
        0.08697796612977982,
        -0.021498696878552437
      ],
      [
        0.0018811874324455857,
        0.9997661113739014,
        -0.02154635451734066,
        -9.481460061522284e-09
      ],
      [
        -0.08695762604475021,
        0.021628322079777718,
        0.9959772229194641,
        15.270532608032227
      ],
      [
        0.0,
        0.0,
        0.0,
        1.0
      ]
    ],
    [
      [
        0.991479754447937,
        1.6199112884418554e-10,
        0.13026079535484314,
        -0.021498652175068855
      ],
      [
        0.0042255716398358345,
        0.9994737505912781,
        -0.032162927091121674,
        -4.312956392027445e-08
      ],
      [
        -0.13019225001335144,
        0.03243932127952576,
        0.9909579753875732,
        15.270533561706543
      ],
      [
        0.0,
        0.0,
        0.0,
        1.0
      ]
    ],
    [
      [
        0.984869658946991,
        2.5219382138175206e-11,
        0.17329668998718262,
        -0.021498791873455048
      ],
      [
        0.007494478020817041,
        0.9990644454956055,
        -0.042592186480760574,
        -8.970186371470845e-09
      ],
      [
        -0.17313455045223236,
        0.043246518820524216,
        0.983948290348053,
        15.270532608032227
      ],
      [
        0.0,
        0.0,
        0.0,
        1.0
      ]
    ],
    [
      [
        0.9763925075531006,
        3.566295592172253e-10,
        0.21600404381752014,
        -0.02149827964603901
      ],
      [
        0.01167472917586565,
        0.9985383152961731,
        -0.05277270823717117,
        -6.747009706487006e-08
      ],
      [
        -0.2156883031129837,
        0.05404866486787796,
        0.9749652743339539,
        15.270533561706543
      ],
      [
        0.0,
        0.0,
        0.0,
        1.0
      ]
    ],
    [
      [
        0.9660642147064209,
        1.8915129462726554e-09,
        0.25830188393592834,
        -0.021498704329133034
      ],
      [
        0.01674945466220379,
        0.9978954195976257,
        -0.06264394521713257,
        -1.9032922793371654e-08
      ],
      [
        -0.2577582597732544,
        0.06484449654817581,
        0.9640310406684875,
        15.270532608032227
      ],
      [
        0.0,
        0.0,
        0.0,
        1.0
      ]
    ],
    [
      [
        0.9539046287536621,
        6.445664002541207e-10,
        0.3001100420951843,
        -0.0214982982724905
      ],
      [
        0.022698141634464264,
        0.9971356987953186,
        -0.07214640825986862,
        -6.728454593485367e-08
      ],
      [
        -0.29925045371055603,
        0.0756327286362648,
        0.9511723518371582,
        15.270533561706543
      ],
      [
        0.0,
        0.0,
        0.0,
        1.0
      ]
    ],
    [
      [
        0.9399365186691284,
        2.2155846601812357e-10,
        0.3413493037223816,
        -0.021498439833521843
      ],
      [
        0.02949671819806099,
        0.9962595105171204,
        -0.08122191578149796,
        -2.9874371421101387e-08
      ],
      [
        -0.3400724530220032,
        0.08641212433576584,
        0.936420738697052,
        15.270533561706543
      ],
      [
        0.0,
        0.0,
        0.0,
        1.0
      ]
    ],
    [
      [
        0.9241865873336792,
        2.177526159385934e-09,
        0.38194140791893005,
        -0.02149859257042408
      ],
      [
        0.0371176041662693,
        0.9952666759490967,
        -0.08981375396251678,
        -8.313940647042273e-09
      ],
      [
        -0.38013356924057007,
        0.09718140959739685,
        0.9198121428489685,
        15.270532608032227
      ],
      [
        0.0,
        0.0,
        0.0,
        1.0
      ]
    ],
    [
      [
        0.9066845178604126,
        -3.109883461860363e-10,
        0.4218094050884247,
        -0.021499162539839745
      ],
      [
        0.045529820024967194,
        0.9941574931144714,
        -0.09786691516637802,
        1.1603702887441614e-08
      ],
      [
        -0.419344961643219,
        0.10793932527303696,
        0.9013872146606445,
        15.270532608032227
      ],
      [
        0.0,
        0.0,
        0.0,
        1.0
      ]
    ],
    [
      [
        0.8874636292457581,
        -2.2247890196780418e-09,
        0.46087774634361267,
        -0.021499022841453552
      ],
      [
        0.05469910055398941,
        0.9929319620132446,
        -0.1053282767534256,
        1.550228887481353e-07
      ],
      [
        -0.4576202630996704,
        0.11868461221456528,
        0.8811910152435303,
        15.270532608032227
      ],
      [
        0.0,
        0.0,
        0.0,
        1.0
      ]
    ],
    [
      [
        0.8665602803230286,
        2.52966980696101e-09,
        0.49907243251800537,
        -0.0214989110827446
      ],
      [
        0.06458797305822372,
        0.9915903806686401,
        -0.11214679479598999,
        4.669110964528045e-08
      ],
      [
        -0.494875431060791,
        0.12941603362560272,
        0.859272837638855,
        15.270532608032227
      ],
      [
        0.0,
        0.0,
        0.0,
        1.0
      ]
    ],
    [
      [
        0.8440141677856445,
        -5.847952344595342e-09,
        0.5363209247589111,
        -0.021498940885066986
      ],
      [
        0.07515589147806168,
        0.990132749080658,
        -0.11827364563941956,
        -7.796109002811136e-08
      ],
      [
        -0.5310289263725281,
        0.14013230800628662,
        0.8356860280036926,
        15.270532608032227
      ],
      [
        0.0,
        0.0,
        0.0,
        1.0
      ]
    ],
    [
      [
        0.8198679685592651,
        -9.501636144548797e-10,
        0.5725526809692383,
        -0.021498678252100945
      ],
      [
        0.08635938167572021,
        0.9885594248771667,
        -0.12366247922182083,
        -1.5102874328931648e-07
      ],
      [
        -0.566002368927002,
        0.1508321911096573,
        0.8104881644248962,
        15.270532608032227
      ],
      [
        0.0,
        0.0,
        0.0,
        1.0
      ]
    ],
    [
      [
        0.7941673994064331,
        1.7144508035471517e-09,
        0.6076990365982056,
        -0.021498365327715874
      ],
      [
        0.09815216064453125,
        0.9868703484535217,
        -0.1282694935798645,
        6.94320050342867e-08
      ],
      [
        -0.5997201800346375,
        0.16151441633701324,
        0.7837402820587158,
        15.270533561706543
      ],
      [
        0.0,
        0.0,
        0.0,
        1.0
      ]
    ],
    [
      [
        0.7669613361358643,
        -8.032658982415342e-09,
        0.6416932940483093,
        -0.02149929665029049
      ],
      [
        0.11048533767461777,
        0.9850658774375916,
        -0.13205371797084808,
        6.874812896739968e-08
      ],
      [
        -0.6321101784706116,
        0.17217779159545898,
        0.7555074691772461,
        15.270532608032227
      ],
      [
        0.0,
        0.0,
        0.0,
        1.0
      ]
    ],
    [
      [
        0.7383012771606445,
        3.6239615752720056e-09,
        0.6744710803031921,
        -0.02149931713938713
      ],
      [
        0.1233074814081192,
        0.9831462502479553,
        -0.13497698307037354,
        -1.7576739708147215e-07
      ],
      [
        -0.6631036996841431,
        0.18282100558280945,
        0.7258580923080444,
        15.270532608032227
      ],
      [
        0.0,
        0.0,
        0.0,
        1.0
      ]
    ],
    [
      [
        0.7082415819168091,
        2.883401295505905e-09,
        0.7059701681137085,
        -0.02149924822151661
      ],
      [
        0.13656488060951233,
        0.9811115860939026,
        -0.13700427114963531,
        7.151383840664494e-08
      ],
      [
        -0.6926354765892029,
        0.19344283640384674,
        0.6948639750480652,
        15.270532608032227
      ],
      [
        0.0,
        0.0,
        0.0,
        1.0
      ]
    ],
    [
      [
        0.6768392324447632,
        -1.2601984344939865e-08,
        0.7361308932304382,
        -0.021499108523130417
      ],
      [
        0.15020164847373962,
        0.9789621233940125,
        -0.138103649020195,
        -6.627881532494939e-08
      ],
      [
        -0.7206442952156067,
        0.20404203236103058,
        0.6625999808311462,
        15.270532608032227
      ],
      [
        0.0,
        0.0,
        0.0,
        1.0
      ]
    ],
    [
      [
        0.6441536545753479,
        4.878968340449319e-09,
        0.7648960947990417,
        -0.021498555317521095
      ],
      [
        0.16415999829769135,
        0.9766982197761536,
        -0.1382465660572052,
        -6.94107384902054e-08
      ],
      [
        -0.747072696685791,
        0.21461737155914307,
        0.6291437149047852,
        15.270532608032227
      ],
      [
        0.0,
        0.0,
        0.0,
        1.0
      ]
    ],
    [
      [
        0.6102469563484192,
        6.188951573449231e-09,
        0.7922112345695496,
        -0.021498654037714005
      ],
      [
        0.1783803254365921,
        0.9743200540542603,
        -0.13740785419940948,
        -9.428593017446474e-08
      ],
      [
        -0.7718673348426819,
        0.22516761720180511,
        0.5945758819580078,
        15.270532608032227
      ],
      [
        0.0,
        0.0,
        0.0,
        1.0
      ]
    ],
    [
      [
        0.5751833319664001,
        2.2619186523797907e-09,
        0.8180245757102966,
        -0.021498503163456917
      ],
      [
        0.19280144572257996,
        0.9718279242515564,
        -0.1355658322572708,
        -3.885570620809631e-08
      ],
      [
        -0.7949790954589844,
        0.23569151759147644,
        0.5589792132377625,
        15.270532608032227
      ],
      [
        0.0,
        0.0,
        0.0,
        1.0
      ]
    ],
    [
      [
        0.5390293002128601,
        2.737077897663198e-09,
        0.8422869443893433,
        -0.02149847149848938
      ],
      [
        0.20736081898212433,
        0.9692221283912659,
        -0.13270246982574463,
        1.75111594558075e-07
      ],
      [
        -0.8163631558418274,
        0.24618785083293915,
        0.522439181804657,
        15.270532608032227
      ],
      [
        0.0,
        0.0,
        0.0,
        1.0
      ]
    ],
    [
      [
        0.5018534660339355,
        1.851431896682243e-09,
        0.8649526238441467,
        -0.02149876579642296
      ],
      [
        0.2219947725534439,
        0.9665029644966125,
        -0.12880340218544006,
        -7.05286051783105e-09
      ],
      [
        -0.8359792828559875,
        0.25665539503097534,
        0.48504284024238586,
        15.270532608032227
      ],
      [
        0.0,
        0.0,
        0.0,
        1.0
      ]
    ],
    [
      [
        0.4637261629104614,
        -1.8867534201660874e-09,
        0.8859785795211792,
        -0.02149916999042034
      ],
      [
        0.236638605594635,
        0.9636707901954651,
        -0.12385796755552292,
        -6.761776205621572e-08
      ],
      [
        -0.8537917137145996,
        0.26709291338920593,
        0.4468793570995331,
        15.270532608032227
      ],
      [
        0.0,
        0.0,
        0.0,
        1.0
      ]
    ],
    [
      [
        0.42471975088119507,
        -1.8158623493746973e-09,
        0.9053248763084412,
        -0.021497860550880432
      ],
      [
        0.2512269616127014,
        0.9607259035110474,
        -0.11785939335823059,
        1.942285621225892e-07
      ],
      [
        -0.8697690963745117,
        0.2774992287158966,
        0.40803924202919006,
        15.270532608032227
      ],
      [
        0.0,
        0.0,
        0.0,
        1.0
      ]
    ],
    [
      [
        0.3849080801010132,
        1.3532067688615257e-09,
        0.9229549169540405,
        -0.021497957408428192
      ],
      [
        0.2656937837600708,
        0.9576686024665833,
        -0.11080464720726013,
        2.150170388404149e-07
      ],
      [
        -0.8838849067687988,
        0.2878729999065399,
        0.3686143755912781,
        15.270532608032227
      ],
      [
        0.0,
        0.0,
        0.0,
        1.0
      ]
    ],
    [
      [
        0.34436678886413574,
        1.6208757669389229e-09,
        0.9388351440429688,
        -0.02149839885532856
      ],
      [
        0.27997300028800964,
        0.9544993042945862,
        -0.10269470512866974,
        2.5909614009833604e-07
      ],
      [
        -0.8961175084114075,
        0.2982131540775299,
        0.3286978602409363,
        15.270532608032227
      ],
      [
        0.0,
        0.0,
        0.0,
        1.0
      ]
    ],
    [
      [
        0.30317267775535583,
        -5.952157433597449e-09,
        0.9529356360435486,
        -0.021499022841453552
      ],
      [
        0.29399821162223816,
        0.9512183666229248,
        -0.09353436529636383,
        -4.741355041915085e-08
      ],
      [
        -0.9064499139785767,
        0.3085184395313263,
        0.288383424282074,
        15.270532608032227
      ],
      [
        0.0,
        0.0,
        0.0,
        1.0
      ]
    ],
    [
      [
        0.26140373945236206,
        -4.189754765349107e-09,
        0.9652295112609863,
        -0.02149924822151661
      ],
      [
        0.3077032268047333,
        0.9478262066841125,
        -0.08333227783441544,
        -1.3703106560569722e-07
      ],
      [
        -0.9148697853088379,
        0.3187876343727112,
        0.24776531755924225,
        15.270532608032227
      ],
      [
        0.0,
        0.0,
        0.0,
        1.0
      ]
    ],
    [
      [
        0.21913929283618927,
        -8.97402083199772e-11,
        0.9756935834884644,
        -0.021499212831258774
      ],
      [
        0.3210222125053406,
        0.9443231225013733,
        -0.07210110872983932,
        -2.4573639123559587e-08
      ],
      [
        -0.9213699698448181,
        0.3290195167064667,
        0.20693831145763397,
        15.270533561706543
      ],
      [
        0.0,
        0.0,
        0.0,
        1.0
      ]
    ],
    [
      [
        0.1764594167470932,
        -4.619376436920675e-09,
        0.9843078851699829,
        -0.02149876393377781
      ],
      [
        0.33388999104499817,
        0.94070965051651,
        -0.0598573163151741,
        -2.3169507201714623e-08
      ],
      [
        -0.9259479641914368,
        0.33921295404434204,
        0.16599707305431366,
        15.270532608032227
      ],
      [
        0.0,
        0.0,
        0.0,
        1.0
      ]
    ],
    [
      [
        0.13344499468803406,
        -4.211886839300405e-09,
        0.9910562634468079,
        -0.021498722955584526
      ],
      [
        0.3462420105934143,
        0.9369860887527466,
        -0.046621229499578476,
        1.5924831586744403e-07
      ],
      [
        -0.9286059141159058,
        0.349366694688797,
        0.1250360906124115,
        15.270532608032227
      ],
      [
        0.0,
        0.0,
        0.0,
        1.0
      ]
    ],
    [
      [
        0.09017758071422577,
        -2.765752515898612e-09,
        0.9959256649017334,
        -0.021498603746294975
      ],
      [
        0.35801491141319275,
        0.933152973651886,
        -0.032416995614767075,
        -9.503740727723198e-08
      ],
      [
        -0.9293510317802429,
        0.35947954654693604,
        0.08414947241544724,
        15.270533561706543
      ],
      [
        0.0,
        0.0,
        0.0,
        1.0
      ]
    ],
    [
      [
        0.046739205718040466,
        3.675459589458363e-11,
        0.9989070892333984,
        -0.02149825543165207
      ],
      [
        0.369146466255188,
        0.9292106628417969,
        -0.01727249100804329,
        -7.70919541537296e-08
      ],
      [
        -0.9281951189041138,
        0.3695503771305084,
        0.043430570513010025,
        15.270532608032227
      ],
      [
        0.0,
        0.0,
        0.0,
        1.0
      ]
    ],
    [
      [
        0.0032122370321303606,
        4.390075802884752e-11,
        0.9999948740005493,
        -0.021498434245586395
      ],
      [
        0.37957602739334106,
        0.925159752368927,
        -0.001219294499605894,
        1.5736169700630853e-07
      ],
      [
        -0.925154983997345,
        0.37957796454429626,
        0.0029718324076384306,
        15.270532608032227
      ],
      [
        0.0,
        0.0,
        0.0,
        1.0
      ]
    ],
    [
      [
        -0.04032082110643387,
        -8.670543172328848e-10,
        0.9991867542266846,
        -0.021498290821909904
      ],
      [
        0.3892443776130676,
        0.921000599861145,
        0.015707427635788918,
        2.500594042942339e-08
      ],
      [
        -0.9202515482902527,
        0.38956117630004883,
        -0.03713550046086311,
        15.270532608032227
      ],
      [
        0.0,
        0.0,
        0.0,
        1.0
      ]
    ],
    [
      [
        -0.08377745002508163,
        6.48762377153389e-10,
        0.9964844584465027,
        -0.021498525515198708
      ],
      [
        0.39809441566467285,
        0.9167336821556091,
        0.03346899524331093,
        7.609636476502146e-09
      ],
      [
        -0.9135109186172485,
        0.399498850107193,
        -0.0768016055226326,
        15.270532608032227
      ],
      [
        0.0,
        0.0,
        0.0,
        1.0
      ]
    ],
    [
      [
        -0.12707526981830597,
        -1.5042588286107161e-09,
        0.9918931126594543,
        -0.02149808220565319
      ],
      [
        0.40607088804244995,
        0.9123595952987671,
        0.05202331021428108,
        1.648082132987838e-07
      ],
      [
        -0.9049631953239441,
        0.40938976407051086,
        -0.11593833565711975,
        15.270532608032227
      ],
      [
        0.0,
        0.0,
        0.0,
        1.0
      ]
    ],
    [
      [
        -0.17013214528560638,
        -3.6553726712185153e-09,
        0.9854212999343872,
        -0.02149852178990841
      ],
      [
        0.41312092542648315,
        0.9078787565231323,
        0.07132498174905777,
        -1.81224251605272e-07
      ],
      [
        -0.8946430683135986,
        0.4192328155040741,
        -0.1544593721628189,
        15.270532608032227
      ],
      [
        0.0,
        0.0,
        0.0,
        1.0
      ]
    ],
    [
      [
        -0.20102469623088837,
        0.001096384017728269,
        0.9795855283737183,
        0.3902316093444824
      ],
      [
        0.41070643067359924,
        0.9079575538635254,
        0.0832664966583252,
        0.004683798644691706
      ],
      [
        -0.8893307447433472,
        0.41906067728996277,
        -0.18297216296195984,
        15.231950759887695
      ],
      [
        0.0,
        0.0,
        0.0,
        1.0
      ]
    ],
    [
      [
        -0.23171846568584442,
        0.0021927787456661463,
        0.9727805256843567,
        0.7996929287910461
      ],
      [
        0.4079494774341583,
        0.9080352187156677,
        0.0951276421546936,
        0.013450377620756626
      ],
      [
        -0.8831103444099426,
        0.4188880920410156,
        -0.21130307018756866,
        15.18236255645752
      ],
      [
        0.0,
        0.0,
        0.0,
        1.0
      ]
    ],
    [
      [
        -0.26218292117118835,
        0.0032891491428017616,
        0.9650125503540039,
        1.2065465450286865
      ],
      [
        0.40485265851020813,
        0.9081117510795593,
        0.10689863562583923,
        0.026259509846568108
      ],
      [
        -0.8759876489639282,
        0.41871488094329834,
        -0.2394230216741562,
        15.121855735778809
      ],
      [
        0.0,
        0.0,
        0.0,
        1.0
      ]
    ],
    [
      [
        -0.2923879623413086,
        0.004385536536574364,
        0.9562897682189941,
        1.6104621887207031
      ],
      [
        0.4014189839363098,
        0.908187210559845,
        0.11856990307569504,
        0.0430649071931839
      ],
      [
        -0.8679701685905457,
        0.4185412526130676,
        -0.2673034369945526,
        15.050541877746582
      ],
      [
        0.0,
        0.0,
        0.0,
        1.0
      ]
    ],
    [
      [
        -0.3223034739494324,
        0.005481915082782507,
        0.9466205835342407,
        2.0111095905303955
      ],
      [
        0.3976515531539917,
        0.9082615375518799,
        0.1301318258047104,
        0.0638197511434555
      ],
      [
        -0.859065592288971,
        0.41836708784103394,
        -0.29491573572158813,
        14.96853256225586
      ],
      [
        0.0,
        0.0,
        0.0,
        1.0
      ]
    ],
    [
      [
        -0.3518998920917511,
        0.006578293163329363,
        0.9360145330429077,
        2.408167600631714
      ],
      [
        0.39355388283729553,
        0.9083347320556641,
        0.14157502353191376,
        0.08847387135028839
      ],
      [
        -0.8492831587791443,
        0.41819238662719727,
        -0.3222317695617676,
        14.875953674316406
      ],
      [
        0.0,
        0.0,
        0.0,
        1.0
      ]
    ],
    [
      [
        -0.3811478018760681,
        0.007674659136682749,
        0.9244822859764099,
        2.801316738128662
      ],
      [
        0.3891295790672302,
        0.908406674861908,
        0.15289010107517242,
        0.11697640269994736
      ],
      [
        -0.8386325240135193,
        0.41801717877388,
        -0.34922367334365845,
        14.772933006286621
      ],
      [
        0.0,
        0.0,
        0.0,
        1.0
      ]
    ],
    [
      [
        -0.4100182354450226,
        0.008771001361310482,
        0.9120352268218994,
        3.1902456283569336
      ],
      [
        0.38438278436660767,
        0.9084776639938354,
        0.16406789422035217,
        0.14927060902118683
      ],
      [
        -0.8271245956420898,
        0.41784143447875977,
        -0.37586382031440735,
        14.659614562988281
      ],
      [
        0.0,
        0.0,
        0.0,
        1.0
      ]
    ],
    [
      [
        -0.43848249316215515,
        0.009867332875728607,
        0.8986856341362,
        3.57464599609375
      ],
      [
        0.37931758165359497,
        0.9085474610328674,
        0.1750992387533188,
        0.18530170619487762
      ],
      [
        -0.8147707581520081,
        0.41766515374183655,
        -0.40212497115135193,
        14.536145210266113
      ],
      [
        0.0,
        0.0,
        0.0,
        1.0
      ]
    ],
    [
      [
        -0.4665122330188751,
        0.010963637381792068,
        0.8844467997550964,
        3.9542157649993896
      ],
      [
        0.3739384710788727,
        0.9086160659790039,
        0.18597514927387238,
        0.2250104546546936
      ],
      [
        -0.8015836477279663,
        0.41748830676078796,
        -0.42798030376434326,
        14.402682304382324
      ],
      [
        0.0,
        0.0,
        0.0,
        1.0
      ]
    ],
    [
      [
        -0.49407991766929626,
        0.012059994041919708,
        0.8693328499794006,
        4.328663349151611
      ],
      [
        0.3682502806186676,
        0.9086835980415344,
        0.19668686389923096,
        0.2683349549770355
      ],
      [
        -0.7875765562057495,
        0.41731107234954834,
        -0.45340341329574585,
        14.259391784667969
      ],
      [
        0.0,
        0.0,
        0.0,
        1.0
      ]
    ],
    [
      [
        -0.52115797996521,
        0.013156271539628506,
        0.8533588647842407,
        4.697696208953857
      ],
      [
        0.3622578978538513,
        0.908750057220459,
        0.20722563564777374,
        0.3152133822441101
      ],
      [
        -0.7727636098861694,
        0.41713327169418335,
        -0.47836834192276,
        14.106446266174316
      ],
      [
        0.0,
        0.0,
        0.0,
        1.0
      ]
    ],
    [
      [
        -0.5477196574211121,
        0.014252551831305027,
        0.8365405201911926,
        5.061034202575684
      ],
      [
        0.35596659779548645,
        0.9088154435157776,
        0.21758295595645905,
        0.3655781149864197
      ],
      [
        -0.7571598291397095,
        0.41695496439933777,
        -0.5028495192527771,
        13.944026947021484
      ],
      [
        0.0,
        0.0,
        0.0,
        1.0
      ]
    ],
    [
      [
        -0.5737385153770447,
        0.01534882839769125,
        0.8188946843147278,
        5.418400764465332
      ],
      [
        0.34938186407089233,
        0.9088795781135559,
        0.22775042057037354,
        0.4193633794784546
      ],
      [
        -0.7407810091972351,
        0.4167761206626892,
        -0.5268218517303467,
        13.772320747375488
      ],
      [
        0.0,
        0.0,
        0.0,
        1.0
      ]
    ],
    [
      [
        -0.5991888642311096,
        0.016445092856884003,
        0.8004387617111206,
        5.769527435302734
      ],
      [
        0.34250929951667786,
        0.9089425802230835,
        0.23771977424621582,
        0.476500928401947
      ],
      [
        -0.7236436605453491,
        0.41659677028656006,
        -0.5502609014511108,
        13.591521263122559
      ],
      [
        0.0,
        0.0,
        0.0,
        1.0
      ]
    ],
    [
      [
        -0.6240453124046326,
        0.01754128187894821,
        0.7811912298202515,
        6.114151477813721
      ],
      [
        0.33535486459732056,
        0.9090045690536499,
        0.24748295545578003,
        0.5369178652763367
      ],
      [
        -0.7057651877403259,
        0.41641688346862793,
        -0.5731425881385803,
        13.401832580566406
      ],
      [
        0.0,
        0.0,
        0.0,
        1.0
      ]
    ],
    [
      [
        -0.6482834219932556,
        0.018637513741850853,
        0.7611709833145142,
        6.45202112197876
      ],
      [
        0.32792478799819946,
        0.9090653657913208,
        0.25703221559524536,
        0.6005423069000244
      ],
      [
        -0.687163770198822,
        0.4162365198135376,
        -0.5954436659812927,
        13.203462600708008
      ],
      [
        0.0,
        0.0,
        0.0,
        1.0
      ]
    ],
    [
      [
        -0.6718789339065552,
        0.019733667373657227,
        0.740398108959198,
        6.782886981964111
      ],
      [
        0.32022523880004883,
        0.909125030040741,
        0.26635968685150146,
        0.6673004627227783
      ],
      [
        -0.6678581833839417,
        0.4160556197166443,
        -0.6171411871910095,
        12.996624946594238
      ],
      [
        0.0,
        0.0,
        0.0,
        1.0
      ]
    ],
    [
      [
        -0.6948085427284241,
        0.020829854533076286,
        0.7188931703567505,
        7.106510639190674
      ],
      [
        0.31226295232772827,
        0.9091836214065552,
        0.2754579782485962,
        0.7371148467063904
      ],
      [
        -0.6478679776191711,
        0.4158742129802704,
        -0.6382129192352295,
        12.781542778015137
      ],
      [
        0.0,
        0.0,
        0.0,
        1.0
      ]
    ],
    [
      [
        -0.7170494794845581,
        0.021925950422883034,
        0.6966773271560669,
        7.422659873962402
      ],
      [
        0.30404457449913025,
        0.9092410206794739,
        0.284319669008255,
        0.8099092841148376
      ],
      [
        -0.6272135376930237,
        0.4156922399997711,
        -0.658637285232544,
        12.558441162109375
      ],
      [
        0.0,
        0.0,
        0.0,
        1.0
      ]
    ],
    [
      [
        -0.7385798096656799,
        0.023022057488560677,
        0.6737728714942932,
        7.731112003326416
      ],
      [
        0.2955772280693054,
        0.9092972874641418,
        0.2929377555847168,
        0.8856031894683838
      ],
      [
        -0.6059157848358154,
        0.41550979018211365,
        -0.678393542766571,
        12.327554702758789
      ],
      [
        0.0,
        0.0,
        0.0,
        1.0
      ]
    ],
    [
      [
        -0.7593781352043152,
        0.024118125438690186,
        0.6502024531364441,
        8.031652450561523
      ],
      [
        0.28686800599098206,
        0.9093524813652039,
        0.30130523443222046,
        0.9641165137290955
      ],
      [
        -0.5839962959289551,
        0.415326863527298,
        -0.6974611282348633,
        12.089122772216797
      ],
      [
        0.0,
        0.0,
        0.0,
        1.0
      ]
    ],
    [
      [
        -0.7794237732887268,
        0.025214210152626038,
        0.6259894967079163,
        8.324071884155273
      ],
      [
        0.2779242694377899,
        0.9094064831733704,
        0.30941540002822876,
        1.04536771774292
      ],
      [
        -0.5614773631095886,
        0.41514337062835693,
        -0.7158206701278687,
        11.843385696411133
      ],
      [
        0.0,
        0.0,
        0.0,
        1.0
      ]
    ],
    [
      [
        -0.7986968755722046,
        0.026310216635465622,
        0.6011582016944885,
        8.608171463012695
      ],
      [
        0.2687535285949707,
        0.9094594717025757,
        0.31726181507110596,
        1.1292741298675537
      ],
      [
        -0.5383816957473755,
        0.4149593710899353,
        -0.7334533929824829,
        11.590592384338379
      ],
      [
        0.0,
        0.0,
        0.0,
        1.0
      ]
    ],
    [
      [
        -0.8171783089637756,
        0.027406182140111923,
        0.575732946395874,
        8.883759498596191
      ],
      [
        0.2593635618686676,
        0.9095112681388855,
        0.32483816146850586,
        1.2157496213912964
      ],
      [
        -0.5147330164909363,
        0.4147748649120331,
        -0.75034099817276,
        11.330997467041016
      ],
      [
        0.0,
        0.0,
        0.0,
        1.0
      ]
    ],
    [
      [
        -0.834850013256073,
        0.028502145782113075,
        0.5497392416000366,
        9.15065860748291
      ],
      [
        0.24976225197315216,
        0.9095618724822998,
        0.3321384787559509,
        1.30470871925354
      ],
      [
        -0.4905552268028259,
        0.41458985209465027,
        -0.766466498374939,
        11.064859390258789
      ],
      [
        0.0,
        0.0,
        0.0,
        1.0
      ]
    ],
    [
      [
        -0.8516941666603088,
        0.029598042368888855,
        0.5232027769088745,
        9.408690452575684
      ],
      [
        0.23995764553546906,
        0.9096115231513977,
        0.339156836271286,
        1.3960667848587036
      ],
      [
        -0.4658728539943695,
        0.41440433263778687,
        -0.7818130254745483,
        10.792437553405762
      ],
      [
        0.0,
        0.0,
        0.0,
        1.0
      ]
    ],
    [
      [
        -0.8676941990852356,
        0.03069389797747135,
        0.49614986777305603,
        9.65769100189209
      ],
      [
        0.22995790839195251,
        0.9096598625183105,
        0.3458876609802246,
        1.489734411239624
      ],
      [
        -0.44071096181869507,
        0.41421833634376526,
        -0.796364963054657,
        10.513998031616211
      ],
      [
        0.0,
        0.0,
        0.0,
        1.0
      ]
    ],
    [
      [
        -0.8828343152999878,
        0.03178976848721504,
        0.4686073958873749,
        9.897505760192871
      ],
      [
        0.21977147459983826,
        0.9097071290016174,
        0.3523256778717041,
        1.5856235027313232
      ],
      [
        -0.41509518027305603,
        0.4140317142009735,
        -0.8101072311401367,
        10.22981071472168
      ],
      [
        0.0,
        0.0,
        0.0,
        1.0
      ]
    ],
    [
      [
        -0.8970995545387268,
        0.032885584980249405,
        0.4406028687953949,
        10.127988815307617
      ],
      [
        0.20940683782100677,
        0.9097533226013184,
        0.35846567153930664,
        1.6836447715759277
      ],
      [
        -0.389051616191864,
        0.41384467482566833,
        -0.8230257630348206,
        9.94014835357666
      ],
      [
        0.0,
        0.0,
        0.0,
        1.0
      ]
    ],
    [
      [
        -0.9104757308959961,
        0.033981334418058395,
        0.4121640622615814,
        10.348998069763184
      ],
      [
        0.1988726556301117,
        0.9097983241081238,
        0.36430293321609497,
        1.783706545829773
      ],
      [
        -0.3626067340373993,
        0.41365712881088257,
        -0.8351073861122131,
        9.64528751373291
      ],
      [
        0.0,
        0.0,
        0.0,
        1.0
      ]
    ],
    [
      [
        -0.9229496121406555,
        0.03507702052593231,
        0.38331902027130127,
        10.560406684875488
      ],
      [
        0.18817761540412903,
        0.909842312335968,
        0.3698326647281647,
        1.8857210874557495
      ],
      [
        -0.33578723669052124,
        0.4134690463542938,
        -0.8463393449783325,
        9.345503807067871
      ],
      [
        0.0,
        0.0,
        0.0,
        1.0
      ]
    ],
    [
      [
        -0.9345090389251709,
        0.036172688007354736,
        0.35409659147262573,
        10.762096405029297
      ],
      [
        0.17733070254325867,
        0.909885048866272,
        0.3750506341457367,
        1.9895936250686646
      ],
      [
        -0.3086206018924713,
        0.4132803678512573,
        -0.8567104339599609,
        9.041080474853516
      ],
      [
        0.0,
        0.0,
        0.0,
        1.0
      ]
    ],
    [
      [
        -0.9451424479484558,
        0.03726832568645477,
        0.32452577352523804,
        10.953953742980957
      ],
      [
        0.1663409322500229,
        0.9099267721176147,
        0.37995269894599915,
        2.0952329635620117
      ],
      [
        -0.2811344265937805,
        0.4130913019180298,
        -0.8662096261978149,
        8.732300758361816
      ],
      [
        0.0,
        0.0,
        0.0,
        1.0
      ]
    ],
    [
      [
        -0.9548392295837402,
        0.03836391493678093,
        0.2946357727050781,
        11.135875701904297
      ],
      [
        0.15521739423274994,
        0.9099672436714172,
        0.38453495502471924,
        2.2025465965270996
      ],
      [
        -0.2533566355705261,
        0.4129016399383545,
        -0.8748272061347961,
        8.419449806213379
      ],
      [
        0.0,
        0.0,
        0.0,
        1.0
      ]
    ],
    [
      [
        -0.9635900259017944,
        0.039459437131881714,
        0.26445645093917847,
        11.307771682739258
      ],
      [
        0.1439693421125412,
        0.9100066423416138,
        0.3887938857078552,
        2.311440944671631
      ],
      [
        -0.22531557083129883,
        0.4127115309238434,
        -0.882554292678833,
        8.102814674377441
      ],
      [
        0.0,
        0.0,
        0.0,
        1.0
      ]
    ],
    [
      [
        -0.9713861346244812,
        0.04055493324995041,
        0.2340177297592163,
        11.469557762145996
      ],
      [
        0.13260605931282043,
        0.9100450277328491,
        0.3927261233329773,
        2.421823740005493
      ],
      [
        -0.1970396488904953,
        0.4125208854675293,
        -0.8893828392028809,
        7.782683849334717
      ],
      [
        0.0,
        0.0,
        0.0,
        1.0
      ]
    ],
    [
      [
        -0.9782199263572693,
        0.041650377213954926,
        0.20334984362125397,
        11.621159553527832
      ],
      [
        0.12113699316978455,
        0.9100821614265442,
        0.3963286280632019,
        2.533599376678467
      ],
      [
        -0.1685577929019928,
        0.41232970356941223,
        -0.8953058123588562,
        7.459347248077393
      ],
      [
        0.0,
        0.0,
        0.0,
        1.0
      ]
    ],
    [
      [
        -0.9840844869613647,
        0.04274574667215347,
        0.1724831908941269,
        11.7625093460083
      ],
      [
        0.10957160592079163,
        0.9101181030273438,
        0.3995985686779022,
        2.646674394607544
      ],
      [
        -0.13989894092082977,
        0.41213804483413696,
        -0.9003168940544128,
        7.133096218109131
      ],
      [
        0.0,
        0.0,
        0.0,
        1.0
      ]
    ],
    [
      [
        -0.988974392414093,
        0.04384109005331993,
        0.1414484679698944,
        11.893553733825684
      ],
      [
        0.09791947901248932,
        0.9101530313491821,
        0.40253350138664246,
        2.7609543800354004
      ],
      [
        -0.11109226942062378,
        0.4119458794593811,
        -0.9044109582901001,
        6.804222106933594
      ],
      [
        0.0,
        0.0,
        0.0,
        1.0
      ]
    ]
  ],
  "intrinsic": [
    [
      [
        581.5719604492188,
        0.0,
        540.0
      ],
      [
        0.0,
        581.5718994140625,
        360.0
      ],
      [
        0.0,
        0.0,
        1.0
      ]
    ],
    [
      [
        581.5719604492188,
        0.0,
        540.0
      ],
      [
        0.0,
        581.5718994140625,
        360.0
      ],
      [
        0.0,
        0.0,
        1.0
      ]
    ],
    [
      [
        581.5719604492188,
        0.0,
        540.0
      ],
      [
        0.0,
        581.5718994140625,
        360.0
      ],
      [
        0.0,
        0.0,
        1.0
      ]
    ],
    [
      [
        581.5719604492188,
        0.0,
        540.0
      ],
      [
        0.0,
        581.5718994140625,
        360.0
      ],
      [
        0.0,
        0.0,
        1.0
      ]
    ],
    [
      [
        581.5719604492188,
        0.0,
        540.0
      ],
      [
        0.0,
        581.5718994140625,
        360.0
      ],
      [
        0.0,
        0.0,
        1.0
      ]
    ],
    [
      [
        581.5719604492188,
        0.0,
        540.0
      ],
      [
        0.0,
        581.5718994140625,
        360.0
      ],
      [
        0.0,
        0.0,
        1.0
      ]
    ],
    [
      [
        581.5719604492188,
        0.0,
        540.0
      ],
      [
        0.0,
        581.5718994140625,
        360.0
      ],
      [
        0.0,
        0.0,
        1.0
      ]
    ],
    [
      [
        581.5719604492188,
        0.0,
        540.0
      ],
      [
        0.0,
