{
  "id": 7,
  "type": "exploration",
  "width": 832,
  "height": 480,
  "intrinsic": [
    [
      [
        240.17770385742188,
        0.0,
        416.0
      ],
      [
        0.0,
        240.0,
        240.0
      ],
      [
        0.0,
        0.0,
        1.0
      ]
    ],
    [
      [
        240.17770385742188,
        0.0,
        416.0
      ],
      [
        0.0,
        240.0,
        240.0
      ],
      [
        0.0,
        0.0,
        1.0
      ]
    ],
    [
      [
        240.17770385742188,
        0.0,
        416.0
      ],
      [
        0.0,
        240.0,
        240.0
      ],
      [
        0.0,
        0.0,
        1.0
      ]
    ],
    [
      [
        240.17770385742188,
        0.0,
        416.0
      ],
      [
        0.0,
        240.0,
        240.0
      ],
      [
        0.0,
        0.0,
        1.0
      ]
    ],
    [
      [
        240.17770385742188,
        0.0,
        416.0
      ],
      [
        0.0,
        240.0,
        240.0
      ],
      [
        0.0,
        0.0,
        1.0
      ]
    ],
    [
      [
        240.17770385742188,
        0.0,
        416.0
      ],
      [
        0.0,
        240.0,
        240.0
      ],
      [
        0.0,
        0.0,
        1.0
      ]
    ],
    [
      [
        240.17770385742188,
        0.0,
        416.0
      ],
      [
        0.0,
        240.0,
        240.0
      ],
      [
        0.0,
        0.0,
        1.0
      ]
    ],
    [
      [
        240.17770385742188,
        0.0,
        416.0
      ],
      [
        0.0,
        240.0,
        240.0
      ],
      [
        0.0,
        0.0,
        1.0
      ]
    ],
    [
      [
        240.17770385742188,
        0.0,
        416.0
      ],
      [
        0.0,
        240.0,
        240.0
      ],
      [
        0.0,
        0.0,
        1.0
      ]
    ],
    [
      [
        240.17770385742188,
        0.0,
        416.0
      ],
      [
        0.0,
        240.0,
        240.0
      ],
      [
        0.0,
        0.0,
        1.0
      ]
    ],
    [
      [
        240.17770385742188,
        0.0,
        416.0
      ],
      [
        0.0,
        240.0,
        240.0
      ],
      [
        0.0,
        0.0,
        1.0
      ]
    ],
    [
      [
        240.17770385742188,
        0.0,
        416.0
      ],
      [
        0.0,
        240.0,
        240.0
      ],
      [
        0.0,
        0.0,
        1.0
      ]
    ],
    [
      [
        240.17770385742188,
        0.0,
        416.0
      ],
      [
        0.0,
        240.0,
        240.0
      ],
      [
        0.0,
        0.0,
        1.0
      ]
    ],
    [
      [
        240.17770385742188,
        0.0,
        416.0
      ],
      [
        0.0,
        240.0,
        240.0
      ],
      [
        0.0,
        0.0,
        1.0
      ]
    ],
    [
      [
        240.17770385742188,
        0.0,
        416.0
      ],
      [
        0.0,
        240.0,
        240.0
      ],
      [
        0.0,
        0.0,
        1.0
      ]
    ],
    [
      [
        240.17770385742188,
        0.0,
        416.0
      ],
      [
        0.0,
        240.0,
        240.0
      ],
      [
        0.0,
        0.0,
        1.0
      ]
    ],
    [
      [
        240.17770385742188,
        0.0,
        416.0
      ],
      [
        0.0,
        240.0,
        240.0
      ],
      [
        0.0,
        0.0,
        1.0
      ]
    ],
    [
      [
        240.17770385742188,
        0.0,
        416.0
      ],
      [
        0.0,
        240.0,
        240.0
      ],
      [
        0.0,
        0.0,
        1.0
      ]
    ],
    [
      [
        240.17770385742188,
        0.0,
        416.0
      ],
      [
        0.0,
        240.0,
        240.0
      ],
      [
        0.0,
        0.0,
        1.0
      ]
    ],
    [
      [
        240.17770385742188,
        0.0,
        416.0
      ],
      [
        0.0,
        240.0,
        240.0
      ],
      [
        0.0,
        0.0,
        1.0
      ]
    ],
    [
      [
        240.17770385742188,
        0.0,
        416.0
      ],
      [
        0.0,
        240.0,
        240.0
      ],
      [
        0.0,
        0.0,
        1.0
      ]
    ]
  ],
  "extrinsic": [
    [
      [
        0.015331281480949793,
        0.9998824689973077,
        0.0,
        0.0
      ],
      [
        -0.0,
        -0.0,
        -1.0,
        -0.0
      ],
      [
        -0.9998824689973078,
        0.01533128148094979,
        -0.0,
        -0.0
      ],
      [
        0.0,
        0.0,
        0.0,
        1.0
      ]
    ],
    [
      [
        0.0008547967896866566,
        0.9999996346611574,
        0.0,
        -0.0030861398206482146
      ],
      [
        -0.0,
        -0.0,
        -1.0,
        -0.0
      ],
      [
        -0.9999996346611573,
        0.0008547967896866566,
        -0.0,
        -0.21315922097953624
      ],
      [
        0.0,
        0.0,
        0.0,
        1.0
      ]
    ],
    [
      [
        -0.026710971999197662,
        0.9996431983337145,
        0.0,
        -0.011751700599998506
      ],
      [
        -0.0,
        -0.0,
        -1.0,
        -0.0
      ],
      [
        -0.9996431983337145,
        -0.026710971999197666,
        -0.0,
        -0.4261578621460928
      ],
      [
        0.0,
        0.0,
        0.0,
        1.0
      ]
    ],
    [
      [
        -0.05148866823850726,
        0.9986735788249457,
        0.0,
        -0.024809921568626155
      ],
      [
        -0.0,
        -0.0,
        -1.0,
        -0.0
      ],
      [
        -0.9986735788249457,
        -0.05148866823850725,
        -0.0,
        -0.6389051345973634
      ],
      [
        0.0,
        0.0,
        0.0,
        1.0
      ]
    ],
    [
      [
        -0.07348535270581373,
        0.9972962964624414,
        0.0,
        -0.04108755724101277
      ],
      [
        -0.0,
        -0.0,
        -1.0,
        -0.0
      ],
      [
        -0.9972962964624417,
        -0.07348535270581374,
        -0.0,
        -0.8513772256017476
      ],
      [
        0.0,
        0.0,
        0.0,
        1.0
      ]
    ],
    [
      [
        -0.09273861299857776,
        0.9956904888865316,
        0.0,
        -0.059443406906469744
      ],
      [
        -0.0,
        -0.0,
        -1.0,
        -0.0
      ],
      [
        -0.9956904888865314,
        -0.09273861299857776,
        -0.0,
        -1.063602368679028
      ],
      [
        0.0,
        0.0,
        0.0,
        1.0
      ]
    ],
    [
      [
        -0.10930059301716213,
        0.9940087426004345,
        0.0,
        -0.07877387525863794
      ],
      [
        -0.0,
        -0.0,
        -0.9999999999999998,
        -0.0
      ],
      [
        -0.9940087426004344,
        -0.10930059301716213,
        -0.0,
        -1.2756464847274547
      ],
      [
        0.0,
        0.0,
        0.0,
        1.0
      ]
    ],
    [
      [
        -0.12323150886389171,
        0.9923779497868382,
        0.0,
        -0.09801476841309639
      ],
      [
        -0.0,
        -0.0,
        -1.0,
        -0.0
      ],
      [
        -0.9923779497868382,
        -0.12323150886389173,
        -0.0,
        -1.4875998217003605
      ],
      [
        0.0,
        0.0,
        0.0,
        1.0
      ]
    ],
    [
      [
        -0.13459251741177805,
        0.9909010315146312,
        0.0,
        -0.11613650864753888
      ],
      [
        -0.0,
        -0.0,
        -1.0,
        -0.0
      ],
      [
        -0.9909010315146313,
        -0.13459251741177805,
        -0.0,
        -1.6995651055869916
      ],
      [
        0.0,
        0.0,
        0.0,
        1.0
      ]
    ],
    [
      [
        -0.14344016415973312,
        0.9896589914237272,
        0.0,
        -0.13213542510363233
      ],
      [
        -0.0,
        -0.0,
        -1.0,
        -0.0
      ],
      [
        -0.9896589914237272,
        -0.14344016415973312,
        -0.0,
        -1.9116471285052379
      ],
      [
        0.0,
        0.0,
        0.0,
        1.0
      ]
    ],
    [
      [
        -0.1498223316646811,
        0.9887129355553907,
        0.0,
        -0.14502274715905586
      ],
      [
        -0.0,
        -0.0,
        -0.9999999999999998,
        -0.0
      ],
      [
        -0.9887129355553907,
        -0.1498223316646811,
        -0.0,
        -2.1239434616445956
      ],
      [
        0.0,
        0.0,
        0.0,
        1.0
      ]
    ],
    [
      [
        -0.15377422453350875,
        0.9881060104407411,
        0.0,
        -0.1538095883214371
      ],
      [
        -0.0,
        -0.0,
        -1.0,
        -0.0
      ],
      [
        -0.9881060104407412,
        -0.1537742245335088,
        -0.0,
        -2.3365360426419044
      ],
      [
        0.0,
        0.0,
        0.0,
        1.0
      ]
    ],
    [
      [
        -0.1553174164231941,
        0.98786461630915,
        0.0,
        -0.1574959534933725
      ],
      [
        -0.0,
        -0.0,
        -1.0,
        -0.0
      ],
      [
        -0.9878646163091499,
        -0.15531741642319408,
        -0.0,
        -2.5494826608987378
      ],
      [
        0.0,
        0.0,
        0.0,
        1.0
      ]
    ],
    [
      [
        -0.15445901091836253,
        0.9879991973408282,
        0.0,
        -0.15505844923087658
      ],
      [
        -0.0,
        -0.0,
        -1.0,
        -0.0
      ],
      [
        -0.9879991973408283,
        -0.15445901091836253,
        -0.0,
        -2.7628081602345853
      ],
      [
        0.0,
        0.0,
        0.0,
        1.0
      ]
    ],
    [
      [
        -0.15119034507665546,
        0.9885046684541261,
        0.0,
        -0.1454366682250555
      ],
      [
        -0.0,
        -0.0,
        -1.0,
        -0.0
      ],
      [
        -0.9885046684541261,
        -0.15119034507665546,
        -0.0,
        -2.9764949995031826
      ],
      [
        0.0,
        0.0,
        0.0,
        1.0
      ]
    ],
    [
      [
        -0.14548702851849823,
        0.9893601591598772,
        0.0,
        -0.12752193200679018
      ],
      [
        -0.0,
        -0.0,
        -1.0,
        -0.0
      ],
      [
        -0.9893601591598773,
        -0.14548702851849826,
        -0.0,
        -3.1904723835243862
      ],
      [
        0.0,
        0.0,
        0.0,
        1.0
      ]
    ],
    [
      [
        -0.1373107755457575,
        0.9905280162211579,
        0.0,
        -0.10015274133783923
      ],
      [
        -0.0,
        -0.0,
        -0.9999999999999998,
        -0.0
      ],
      [
        -0.9905280162211579,
        -0.1373107755457575,
        -0.0,
        -3.404603509503746
      ],
      [
        0.0,
        0.0,
        0.0,
        1.0
      ]
    ],
    [
      [
        -0.12661068138228695,
        0.9919524864427292,
        0.0,
        -0.06210939781374189
      ],
      [
        -0.0,
        -0.0,
        -1.0,
        -0.0
      ],
      [
        -0.9919524864427293,
        -0.12661068138228698,
        -0.0,
        -3.6186710561597404
      ],
      [
        0.0,
        0.0,
        0.0,
        1.0
      ]
    ],
    [
      [
        -0.11332484514235953,
        0.993557989990247,
        0.0,
        -0.012112163620875652
      ],
      [
        -0.0,
        -0.0,
        -0.9999999999999998,
        -0.0
      ],
      [
        -0.993557989990247,
        -0.11332484514235953,
        -0.0,
        -3.83236057681187
      ],
      [
        0.0,
        0.0,
        0.0,
        1.0
      ]
    ],
    [
      [
        -0.09738541973976733,
        0.9952467432863618,
        0.0,
        0.05116611432252242
      ],
      [
        -0.0,
        -0.0,
        -1.0,
        -0.0
      ],
      [
        -0.9952467432863619,
        -0.09738541973976733,
        -0.0,
        -4.045241831650334
      ],
      [
        0.0,
        0.0,
        0.0,
        1.0
      ]
    ],
    [
      [
        -0.0887396337097296,
        0.9960548566264125,
        0.0,
        0.08629059309367572
      ],
      [
        -0.0,
        -0.0,
        -1.0,
        -0.0
      ],
      [
        -0.9960548566264124,
        -0.0887396337097296,
        -0.0,
        -4.2578316476864675
      ],
      [
        0.0,
        0.0,
        0.0,
        1.0
      ]
    ]
  ]
}