{
  "extrinsic": [
    [
      [
        1.0,
        0.0,
        0.0,
        0.0
      ],
      [
        0.0,
        0.9396926172367759,
        -0.34202015428106647,
        0.0
      ],
      [
        0.0,
        0.34202015428106647,
        0.9396926172367759,
        0.0
      ],
      [
        0.0,
        0.0,
        0.0,
        1.0
      ]
    ],
    [
      [
        0.9957304247431081,
        0.03157163848981513,
        0.08674236081797602,
        -0.08357192228484858
      ],
      [
        0.0017991176899494986,
        0.9328765848209741,
        -0.3601917007126027,
        0.017569964473351955
      ],
      [
        -0.09229175554848625,
        0.35880986546015536,
        0.9288367193101214,
        0.008091520913865419
      ],
      [
        0.0,
        0.0,
        0.0,
        1.0
      ]
    ],
    [
      [
        0.9848062483493069,
        0.05939398581787573,
        0.16318362867677555,
        -0.15721925273002008
      ],
      [
        0.013027789744766514,
        0.9117758044505742,
        -0.4104814242723622,
        0.06688762116117647
      ],
      [
        -0.17316702971315104,
        0.4063706485677085,
        0.8971488634081728,
        0.03283381990009294
      ],
      [
        0.0,
        0.0,
        0.0,
        1.0
      ]
    ],
    [
      [
        0.9717875855443712,
        0.08066812060623123,
        0.22163383400816003,
        -0.21353310637268733
      ],
      [
        0.03731644191852812,
        0.8752703817921421,
        -0.48219204681804506,
        0.1391990561333543
      ],
      [
        -0.23288706981093432,
        0.476858854276258,
        0.8475666821024004,
        0.0747911008106534
      ],
      [
        0.0,
        0.0,
        0.0,
        1.0
      ]
    ],
    [
      [
        0.9616248149884005,
        0.09383934049679332,
        0.2578214648683583,
        -0.2483980707186243
      ],
      [
        0.07047645386831877,
        0.8236797238593805,
        -0.5626586238998696,
        0.2236306954298304
      ],
      [
        -0.2651618239421496,
        0.5592368230673533,
        0.7854573895392963,
        0.13277079531634467
      ],
      [
        0.0,
        0.0,
        0.0,
        1.0
      ]
    ],
    [
      [
        0.9578262980777488,
        0.09827877238131019,
        0.2700187115192123,
        -0.2601495140540922
      ],
      [
        0.10280470855751594,
        0.7602894925438469,
        -0.6413976634205194,
        0.3102463449096798
      ],
      [
        -0.2683281731024954,
        0.6421067330642852,
        0.7181217313059107,
        0.2024416989468273
      ],
      [
        0.0,
        0.0,
        0.0,
        1.0
      ]
    ],
    [
      [
        0.961624828852234,
        0.09383934041166493,
        0.25782144490485875,
        -0.24839807148594664
      ],
      [
        0.12338930566088706,
        0.6913923912589925,
        -0.7118648509482953,
        0.3915299217630485
      ],
      [
        -0.24505670836259041,
        0.7163593559418132,
        0.6532813208723537,
        0.276489701535086
      ],
      [
        0.0,
        0.0,
        0.0,
        1.0
      ]
    ],
    [
      [
        0.9717875858998724,
        0.08066812885612051,
        0.22163382944669627,
        -0.2135331014032301
      ],
      [
        0.12387606476163977,
        0.6250835462298985,
        -0.7706654399279309,
        0.46208666749201666
      ],
      [
        -0.20070781202461555,
        0.7763782988804903,
        0.5974556189139125,
        0.34609990651953426
      ],
      [
        0.0,
        0.0,
        0.0,
        1.0
      ]
    ],
    [
      [
        0.9848063120466918,
        0.059393982519315484,
        0.16318362103530518,
        -0.15721926314409754
      ],
      [
        0.10077898121327271,
        0.5697937727327265,
        -0.815584878314595,
        0.5174221520139257
      ],
      [
        -0.14142184874116479,
        0.8196386116709581,
        0.5551508198343269,
        0.4027638900913592
      ],
      [
        0.0,
        0.0,
        0.0,
        1.0
      ]
    ],
    [
      [
        0.9957303656657189,
        0.03157163533121733,
        0.0867423559151347,
        -0.08357191825720325
      ],
      [
        0.05664120154366696,
        0.5330271381522701,
        -0.8442000908186009,
        0.553151141604714
      ],
      [
        -0.0728888138433185,
        0.8455089345536989,
        0.5289631050242783,
        0.43966033576452374
      ],
      [
        0.0,
        0.0,
        0.0,
        1.0
      ]
    ],
    [
      [
        1.0,
        1.2565617910490394e-17,
        3.452374850086835e-17,
        -3.326190145702678e-17
      ],
      [
        2.2950923893201506e-17,
        0.520118354113435,
        -0.8540941694270151,
        0.5655656502848168
      ],
      [
        -2.8688657603801e-17,
        0.8540942458230522,
        0.5201183897374911,
        0.4524525547640941
      ],
      [
        0.0,
        0.0,
        0.0,
        1.0
      ]
    ],
    [
      [
        0.9957303656657189,
        -0.03157163533121733,
        -0.0867423559151347,
        0.08357191825720325
      ],
      [
        -0.05664120154366696,
        0.5330271381522701,
        -0.8442000908186009,
        0.553151141604714
      ],
      [
        0.0728888138433185,
        0.8455089345536989,
        0.5289631050242783,
        0.43966033576452374
      ],
      [
        0.0,
        0.0,
        0.0,
        1.0
      ]
    ],
    [
      [
        0.9848063120466918,
        -0.059393982519315484,
        -0.16318362103530518,
        0.15721926314409754
      ],
      [
        -0.10077898121327271,
        0.5697937727327265,
        -0.815584878314595,
        0.5174221520139257
      ],
      [
        0.14142184874116479,
        0.8196386116709581,
        0.5551508198343269,
        0.4027638900913592
      ],
      [
        0.0,
        0.0,
        0.0,
        1.0
      ]
    ],
    [
      [
        0.9717875858998724,
        -0.08066812885612051,
        -0.22163382944669627,
        0.2135331014032301
      ],
      [
        -0.12387606476163977,
        0.6250835462298985,
        -0.7706654399279309,
        0.46208666749201666
      ],
      [
        0.20070781202461555,
        0.7763782988804903,
        0.5974556189139125,
        0.34609990651953426
      ],
      [
        0.0,
        0.0,
        0.0,
        1.0
      ]
    ],
    [
      [
        0.961624828852234,
        -0.09383934041166493,
        -0.25782144490485875,
        0.24839807148594664
      ],
      [
        -0.12338930566088706,
        0.6913923912589925,
        -0.7118648509482953,
        0.3915299217630485
      ],
      [
        0.24505670836259041,
        0.7163593559418132,
        0.6532813208723537,
        0.276489701535086
      ],
      [
        0.0,
        0.0,
        0.0,
        1.0
      ]
    ],
    [
      [
        0.9578262980777488,
        -0.09827877238131019,
        -0.2700187115192123,
        0.2601495140540922
      ],
      [
        -0.10280470855751594,
        0.7602894925438469,
        -0.6413976634205194,
        0.3102463449096798
      ],
      [
        0.2683281731024954,
        0.6421067330642852,
        0.7181217313059107,
        0.2024416989468273
      ],
      [
        0.0,
        0.0,
        0.0,
        1.0
      ]
    ],
    [
      [
        0.9616248149884005,
        -0.09383934049679332,
        -0.2578214648683583,
        0.2483980707186243
      ],
      [
        -0.07047645386831877,
        0.8236797238593805,
        -0.5626586238998696,
        0.2236306954298304
      ],
      [
        0.2651618239421496,
        0.5592368230673533,
        0.7854573895392963,
        0.13277079531634467
      ],
      [
        0.0,
        0.0,
        0.0,
        1.0
      ]
    ],
    [
      [
        0.9717875855443712,
        -0.08066812060623123,
        -0.22163383400816003,
        0.21353310637268733
      ],
      [
        -0.03731644191852812,
        0.8752703817921421,
        -0.48219204681804506,
        0.1391990561333543
      ],
      [
        0.23288706981093432,
        0.476858854276258,
        0.8475666821024004,
        0.0747911008106534
      ],
      [
        0.0,
        0.0,
        0.0,
        1.0
      ]
    ],
    [
      [
        0.9848062483493069,
        -0.05939398581787573,
        -0.16318362867677555,
        0.15721925273002008
      ],
      [
        -0.013027789744766514,
        0.9117758044505742,
        -0.4104814242723622,
        0.06688762116117647
      ],
      [
        0.17316702971315104,
        0.4063706485677085,
        0.8971488634081728,
        0.03283381990009294
      ],
      [
        0.0,
        0.0,
        0.0,
        1.0
      ]
    ],
    [
      [
        0.9957304247431081,
        -0.03157163848981513,
        -0.08674236081797602,
        0.08357192228484858
      ],
      [
        -0.0017991176899494986,
        0.9328765848209741,
        -0.3601917007126027,
        0.017569964473351955
      ],
      [
        0.09229175554848625,
        0.35880986546015536,
        0.9288367193101214,
        0.008091520913865419
      ],
      [
        0.0,
        0.0,
        0.0,
        1.0
      ]
    ],
    [
      [
        1.0,
        -2.5131232064360567e-17,
        -6.904749014742807e-17,
        6.652380377287031e-17
      ],
      [
        0.0,
        0.9396926172367759,
        -0.34202015428106647,
        2.9941926739754596e-49
      ],
      [
        7.347880453766517e-17,
        0.34202015428106647,
        0.9396926172367759,
        4.8880895745287297e-33
      ],
      [
        0.0,
        0.0,
        0.0,
        1.0
      ]
    ]
  ],
  "intrinsic": [
    [
      [
        680.0414428710938,
        0.0,
        384.0
      ],
      [
        0.0,
        680.0414428710938,
        256.0
      ],
      [
        0.0,
        0.0,
        1.0
      ]
    ],
    [
      [
        680.0414428710938,
        0.0,
        384.0
      ],
      [
        0.0,
        680.0414428710938,
        256.0
      ],
      [
        0.0,
        0.0,
        1.0
      ]
    ],
    [
      [
        680.0414428710938,
        0.0,
        384.0
      ],
      [
        0.0,
        680.0414428710938,
        256.0
      ],
      [
        0.0,
        0.0,
        1.0
      ]
    ],
    [
      [
        680.0414428710938,
        0.0,
        384.0
      ],
      [
        0.0,
        680.0414428710938,
        256.0
      ],
      [
        0.0,
        0.0,
        1.0
      ]
    ],
    [
      [
        680.0414428710938,
        0.0,
        384.0
      ],
      [
        0.0,
        680.0414428710938,
        256.0
      ],
      [
        0.0,
        0.0,
        1.0
      ]
    ],
    [
      [
        680.0414428710938,
        0.0,
        384.0
      ],
      [
        0.0,
        680.0414428710938,
        256.0
      ],
      [
        0.0,
        0.0,
        1.0
      ]
    ],
    [
      [
        680.0414428710938,
        0.0,
        384.0
      ],
      [
        0.0,
        680.0414428710938,
        256.0
      ],
      [
        0.0,
        0.0,
        1.0
      ]
    ],
    [
      [
        680.0414428710938,
        0.0,
        384.0
      ],
      [
        0.0,
        680.0414428710938,
        256.0
      ],
      [
        0.0,
        0.0,
        1.0
      ]
    ],
    [
      [
        680.0414428710938,
        0.0,
        384.0
      ],
      [
        0.0,
        680.0414428710938,
        256.0
      ],
      [
        0.0,
        0.0,
        1.0
      ]
    ],
    [
      [
        680.0414428710938,
        0.0,
        384.0
      ],
      [
        0.0,
        680.0414428710938,
        256.0
      ],
      [
        0.0,
        0.0,
        1.0
      ]
    ],
    [
      [
        680.0414428710938,
        0.0,
        384.0
      ],
      [
        0.0,
        680.0414428710938,
        256.0
      ],
      [
        0.0,
        0.0,
        1.0
      ]
    ],
    [
      [
        680.0414428710938,
        0.0,
        384.0
      ],
      [
        0.0,
        680.0414428710938,
        256.0
      ],
      [
        0.0,
        0.0,
        1.0
      ]
    ],
    [
      [
        680.0414428710938,
        0.0,
        384.0
      ],
      [
        0.0,
        680.0414428710938,
        256.0
      ],
      [
        0.0,
        0.0,
        1.0
      ]
    ],
    [
      [
        680.0414428710938,
        0.0,
        384.0
      ],
      [
        0.0,
        680.0414428710938,
        256.0
      ],
      [
        0.0,
        0.0,
        1.0
      ]
    ],
    [
      [
        680.0414428710938,
        0.0,
        384.0
      ],
      [
        0.0,
        680.0414428710938,
        256.0
      ],
      [
        0.0,
        0.0,
        1.0
      ]
    ],
    [
      [
        680.0414428710938,
        0.0,
        384.0
      ],
      [
        0.0,
        680.0414428710938,
        256.0
      ],
      [
        0.0,
        0.0,
        1.0
      ]
    ],
    [
      [
        680.0414428710938,
        0.0,
        384.0
      ],
      [
        0.0,
        680.0414428710938,
        256.0
      ],
      [
        0.0,
        0.0,
        1.0
      ]
    ],
    [
      [
        680.0414428710938,
        0.0,
        384.0
      ],
      [
        0.0,
        680.0414428710938,
        256.0
      ],
      [
        0.0,
        0.0,
        1.0
      ]
    ],
    [
      [
        680.0414428710938,
        0.0,
        384.0
      ],
      [
        0.0,
        680.0414428710938,
        256.0
      ],
      [
        0.0,
        0.0,
        1.0
      ]
    ],
    [
      [
        680.0414428710938,
        0.0,
        384.0
      ],
      [
        0.0,
        680.0414428710938,
        256.0
      ],
      [
        0.0,
        0.0,
        1.0
      ]
    ],
    [
      [
        680.0414428710938,
        0.0,
        384.0
      ],
      [
        0.0,
        680.0414428710938,
        256.0
      ],
      [
        0.0,
        0.0,
        1.0
      ]
    ]
  ],
  "width": 768,
  "height": 512
}