{
  "id": 9,
  "type": "reconstruct",
  "width": 832,
  "height": 480,
  "intrinsic": [
    [
      [
        240.17770385742188,
        0.0,
        416.0
      ],
      [
        0.0,
        240.0,
        240.0
      ],
      [
        0.0,
        0.0,
        1.0
      ]
    ],
    [
      [
        240.17770385742188,
        0.0,
        416.0
      ],
      [
        0.0,
        240.0,
        240.0
      ],
      [
        0.0,
        0.0,
        1.0
      ]
    ],
    [
      [
        240.17770385742188,
        0.0,
        416.0
      ],
      [
        0.0,
        240.0,
        240.0
      ],
      [
        0.0,
        0.0,
        1.0
      ]
    ],
    [
      [
        240.17770385742188,
        0.0,
        416.0
      ],
      [
        0.0,
        240.0,
        240.0
      ],
      [
        0.0,
        0.0,
        1.0
      ]
    ],
    [
      [
        240.17770385742188,
        0.0,
        416.0
      ],
      [
        0.0,
        240.0,
        240.0
      ],
      [
        0.0,
        0.0,
        1.0
      ]
    ],
    [
      [
        240.17770385742188,
        0.0,
        416.0
      ],
      [
        0.0,
        240.0,
        240.0
      ],
      [
        0.0,
        0.0,
        1.0
      ]
    ],
    [
      [
        240.17770385742188,
        0.0,
        416.0
      ],
      [
        0.0,
        240.0,
        240.0
      ],
      [
        0.0,
        0.0,
        1.0
      ]
    ],
    [
      [
        240.17770385742188,
        0.0,
        416.0
      ],
      [
        0.0,
        240.0,
        240.0
      ],
      [
        0.0,
        0.0,
        1.0
      ]
    ],
    [
      [
        240.17770385742188,
        0.0,
        416.0
      ],
      [
        0.0,
        240.0,
        240.0
      ],
      [
        0.0,
        0.0,
        1.0
      ]
    ],
    [
      [
        240.17770385742188,
        0.0,
        416.0
      ],
      [
        0.0,
        240.0,
        240.0
      ],
      [
        0.0,
        0.0,
        1.0
      ]
    ],
    [
      [
        240.17770385742188,
        0.0,
        416.0
      ],
      [
        0.0,
        240.0,
        240.0
      ],
      [
        0.0,
        0.0,
        1.0
      ]
    ],
    [
      [
        240.17770385742188,
        0.0,
        416.0
      ],
      [
        0.0,
        240.0,
        240.0
      ],
      [
        0.0,
        0.0,
        1.0
      ]
    ],
    [
      [
        240.17770385742188,
        0.0,
        416.0
      ],
      [
        0.0,
        240.0,
        240.0
      ],
      [
        0.0,
        0.0,
        1.0
      ]
    ],
    [
      [
        240.17770385742188,
        0.0,
        416.0
      ],
      [
        0.0,
        240.0,
        240.0
      ],
      [
        0.0,
        0.0,
        1.0
      ]
    ],
    [
      [
        240.17770385742188,
        0.0,
        416.0
      ],
      [
        0.0,
        240.0,
        240.0
      ],
      [
        0.0,
        0.0,
        1.0
      ]
    ],
    [
      [
        240.17770385742188,
        0.0,
        416.0
      ],
      [
        0.0,
        240.0,
        240.0
      ],
      [
        0.0,
        0.0,
        1.0
      ]
    ],
    [
      [
        240.17770385742188,
        0.0,
        416.0
      ],
      [
        0.0,
        240.0,
        240.0
      ],
      [
        0.0,
        0.0,
        1.0
      ]
    ],
    [
      [
        240.17770385742188,
        0.0,
        416.0
      ],
      [
        0.0,
        240.0,
        240.0
      ],
      [
        0.0,
        0.0,
        1.0
      ]
    ],
    [
      [
        240.17770385742188,
        0.0,
        416.0
      ],
      [
        0.0,
        240.0,
        240.0
      ],
      [
        0.0,
        0.0,
        1.0
      ]
    ],
    [
      [
        240.17770385742188,
        0.0,
        416.0
      ],
      [
        0.0,
        240.0,
        240.0
      ],
      [
        0.0,
        0.0,
        1.0
      ]
    ],
    [
      [
        240.17770385742188,
        0.0,
        416.0
      ],
      [
        0.0,
        240.0,
        240.0
      ],
      [
        0.0,
        0.0,
        1.0
      ]
    ]
  ],
  "extrinsic": [
    [
      [
        0.8696482591599292,
        0.4936718599840429,
        -4.704967096019386e-18,
        -0.7419192446698779
      ],
      [
        0.22034594430872304,
        -0.3881595902331269,
        -0.8948630047871842,
        -0.17186989975646497
      ],
      [
        -0.4417686840041987,
        0.7782160542997982,
        -0.44634090408929794,
        0.34457970022342416
      ],
      [
        0.0,
        0.0,
        0.0,
        1.0
      ]
    ],
    [
      [
        0.7961818316341996,
        0.6015676301934992,
        -0.06489127274902419,
        -0.7801688582776717
      ],
      [
        0.24669014199462233,
        -0.4206711971129637,
        -0.8730290474905281,
        -0.16195456392604746
      ],
      [
        -0.5524839045784807,
        0.6790818288122009,
        -0.48333156834495367,
        0.4557887788231155
      ],
      [
        0.0,
        0.0,
        0.0,
        1.0
      ]
    ],
    [
      [
        0.7665030576826823,
        0.6362956685293432,
        -0.08718305324943738,
        -0.7896423057222473
      ],
      [
        0.27828136842215484,
        -0.451392863563766,
        -0.8478230727650646,
        -0.1548408529633381
      ],
      [
        -0.5788199569401447,
        0.6255975582868744,
        -0.5230632394972041,
        0.4959932708678234
      ],
      [
        0.0,
        0.0,
        0.0,
        1.0
      ]
    ],
    [
      [
        0.7460952022338007,
        0.6580415692259302,
        -0.1016033580861329,
        -0.7947122740577937
      ],
      [
        0.3174589701508995,
        -0.48569142523692804,
        -0.8144468317343073,
        -0.1474582724487272
      ],
      [
        -0.5852877510032427,
        0.5753999762095896,
        -0.5712732410183147,
        0.5230682967546452
      ],
      [
        0.0,
        0.0,
        0.0,
        1.0
      ]
    ],
    [
      [
        0.7376906273239042,
        0.6665392560700313,
        -0.10741488945241016,
        -0.7964941923130192
      ],
      [
        0.3581594343102814,
        -0.5212254888120468,
        -0.774626238535193,
        -0.13832791057170946
      ],
      [
        -0.5723061750260986,
        0.5329628598038061,
        -0.6232304807186061,
        0.5352087355888323
      ],
      [
        0.0,
        0.0,
        0.0,
        1.0
      ]
    ],
    [
      [
        0.7423532088633639,
        0.6618311247006144,
        -0.10436127475163468,
        -0.7955292494030648
      ],
      [
        0.3938987593481826,
        -0.5571036607514299,
        -0.7310808974123985,
        -0.1252341909328922
      ],
      [
        -0.5419921407864039,
        0.5016124734841382,
        -0.6742621491459352,
        0.5321060345786509
      ],
      [
        0.0,
        0.0,
        0.0,
        1.0
      ]
    ],
    [
      [
        0.7594325424718046,
        0.643967718615622,
        -0.09256236176654549,
        -0.7915453996144811
      ],
      [
        0.4190115208660209,
        -0.5929766570328859,
        -0.6876103763001594,
        -0.10640917334226795
      ],
      [
        -0.4976862051698381,
        0.4834090003248736,
        -0.7201556634426696,
        0.5147286007208237
      ],
      [
        0.0,
        0.0,
        0.0,
        1.0
      ]
    ],
    [
      [
        0.7865831082998072,
        0.6131990369778495,
        -0.07262199933113693,
        -0.7835872890710204
      ],
      [
        0.4296474307864982,
        -0.6279793921296983,
        -0.6488797795269752,
        -0.08159818215587003
      ],
      [
        -0.44349757491555114,
        0.47919601846202,
        -0.7574173730078896,
        0.48504213473279584
      ],
      [
        0.0,
        0.0,
        0.0,
        1.0
      ]
    ],
    [
      [
        0.8199653197292985,
        0.5705719100047616,
        -0.045875592146010405,
        -0.7705242962127801
      ],
      [
        0.4245711189547733,
        -0.6599828156423825,
        -0.6198080735245745,
        -0.05274065022914475
      ],
      [
        -0.38392217882107366,
        0.48874367368823396,
        -0.7834113747189331,
        0.44573297610395085
      ],
      [
        0.0,
        0.0,
        0.0,
        1.0
      ]
    ],
    [
      [
        0.8548739527871706,
        0.5186308443099225,
        -0.014579855157564953,
        -0.7518466238099282
      ],
      [
        0.40559347776118676,
        -0.685547366764101,
        -0.6045814574731792,
        -0.0239467011796302
      ],
      [
        -0.32354977305450894,
        0.510927446173314,
        -0.796409875066345,
        0.39996887002322656
      ],
      [
        0.0,
        0.0,
        0.0,
        1.0
      ]
    ],
    [
      [
        0.88683086201352,
        0.461735539332565,
        0.018202030041235242,
        -0.7284134563203
      ],
      [
        0.37725213574973426,
        -0.7006962824187775,
        -0.6055621734196815,
        -0.0005666024506677552
      ],
      [
        -0.26685548196096853,
        0.5438979789645938,
        -0.7955898065118793,
        0.3512127004265188
      ],
      [
        0.0,
        0.0,
        0.0,
        1.0
      ]
    ],
    [
      [
        0.9127222343721348,
        0.40561889386534516,
        0.04910637252120838,
        -0.70267439957519
      ],
      [
        0.34553158807847495,
        -0.7021411677342559,
        -0.6225798761707146,
        0.01240313428354803
      ],
      [
        -0.21805055496995424,
        0.5852102985356881,
        -0.7810139960109971,
        0.3030845244990736
      ],
      [
        0.0,
        0.0,
        0.0,
        1.0
      ]
    ],
    [
      [
        0.9313450978531681,
        0.356300452163322,
        0.07514184249195166,
        -0.6781538202301592
      ],
      [
        0.31600078356663713,
        -0.6882922203373649,
        -0.6529910598226686,
        0.011866954798663319
      ],
      [
        -0.1809414642643977,
        0.6319049036138847,
        -0.7536288073704343,
        0.2592406110480354
      ],
      [
        0.0,
        0.0,
        0.0,
        1.0
      ]
    ],
    [
      [
        0.9430887459384004,
        0.31893312535764695,
        0.0941556096785444,
        -0.6585019224777435
      ],
      [
        0.2922058476461071,
        -0.6596255550074513,
        -0.6924665116686377,
        -0.0025482548382880256
      ],
      [
        -0.15874306248071138,
        0.6805701938306694,
        -0.715279561698452,
        0.22322342218503094
      ],
      [
        0.0,
        0.0,
        0.0,
        1.0
      ]
    ],
    [
      [
        0.9490583958308006,
        0.29712404289551725,
        0.10490693226135926,
        -0.6466398779299081
      ],
      [
        0.2750034626112356,
        -0.6185096316981807,
        -0.7360835082029831,
        -0.028564235851963864
      ],
      [
        -0.15382215983042674,
        0.7274360031164276,
        -0.6687118994866912,
        0.1982501391213259
      ],
      [
        0.0,
        0.0,
        0.0,
        1.0
      ]
    ],
    [
      [
        0.9501792122588516,
        0.29281255307814796,
        0.10686567901344392,
        -0.6442848073697577
      ],
      [
        0.26294707992594624,
        -0.568862784011101,
        -0.7792650166185808,
        -0.06192067486281387
      ],
      [
        -0.16738667136174765,
        0.7685414378724129,
        -0.6175157977926057,
        0.1869339998693982
      ],
      [
        0.0,
        0.0,
        0.0,
        1.0
      ]
    ],
    [
      [
        0.9466372356257564,
        0.30640107985541304,
        0.09998161026040214,
        -0.6517903299926971
      ],
      [
        0.25340033910009385,
        -0.5158575596860454,
        -0.8183393221999758,
        -0.09728776990446654
      ],
      [
        -0.19916378252780698,
        0.8000058477149993,
        -0.5659721118138434,
        0.19095426809411212
      ],
      [
        0.0,
        0.0,
        0.0,
        1.0
      ]
    ],
    [
      [
        0.9377657029683912,
        0.3368053682348366,
        0.08460277929474486,
        -0.6681227674698419
      ],
      [
        0.2439642344457943,
        -0.4655750432513224,
        -0.8507181268862246,
        -0.12926750689546637
      ],
      [
        -0.24713748936063243,
        0.8184143345700423,
        -0.5187687715377614,
        0.21071357624279433
      ],
      [
        0.0,
        0.0,
        0.0,
        1.0
      ]
    ],
    [
      [
        0.9223861270055717,
        0.38132726071244805,
        0.06159020169801263,
        -0.6909211684873648
      ],
      [
        0.23383849911981852,
        -0.4243359325914338,
        -0.8747905878786926,
        -0.15346973588146426
      ],
      [
        -0.3074465628967933,
        0.8212968626199045,
        -0.4805705717307807,
        0.2450542618572733
      ],
      [
        0.0,
        0.0,
        0.0,
        1.0
      ]
    ],
    [
      [
        0.8995740471514159,
        0.4355535417220763,
        0.03255220399569246,
        -0.7167781180037487
      ],
      [
        0.2246685320153213,
        -0.3975300119562318,
        -0.889659451878166,
        -0.16755633381206045
      ],
      [
        -0.374553847148447,
        0.8076280095981277,
        -0.455462856552391,
        0.29113518659510934
      ],
      [
        0.0,
        0.0,
        0.0,
        1.0
      ]
    ],
    [
      [
        0.8696482591599292,
        0.4936718599840428,
        3.0566435006123265e-17,
        -0.7419192446698779
      ],
      [
        0.22034594430872292,
        -0.3881595902331269,
        -0.8948630047871842,
        -0.1718698997564649
      ],
      [
        -0.4417686840041986,
        0.7782160542997981,
        -0.4463409040892978,
        0.34457970022342405
      ],
      [
        0.0,
        0.0,
        0.0,
        1.0
      ]
    ]
  ],
  "eloop_rotation": 0.5
}