{
  "id": 3,
  "type": "surround",
  "width": 832,
  "height": 480,
  "intrinsic": [
    [
      [
        240.17770385742188,
        0.0,
        416.0
      ],
      [
        0.0,
        240.0,
        240.0
      ],
      [
        0.0,
        0.0,
        1.0
      ]
    ],
    [
      [
        240.17770385742188,
        0.0,
        416.0
      ],
      [
        0.0,
        240.0,
        240.0
      ],
      [
        0.0,
        0.0,
        1.0
      ]
    ],
    [
      [
        240.17770385742188,
        0.0,
        416.0
      ],
      [
        0.0,
        240.0,
        240.0
      ],
      [
        0.0,
        0.0,
        1.0
      ]
    ],
    [
      [
        240.17770385742188,
        0.0,
        416.0
      ],
      [
        0.0,
        240.0,
        240.0
      ],
      [
        0.0,
        0.0,
        1.0
      ]
    ],
    [
      [
        240.17770385742188,
        0.0,
        416.0
      ],
      [
        0.0,
        240.0,
        240.0
      ],
      [
        0.0,
        0.0,
        1.0
      ]
    ],
    [
      [
        240.17770385742188,
        0.0,
        416.0
      ],
      [
        0.0,
        240.0,
        240.0
      ],
      [
        0.0,
        0.0,
        1.0
      ]
    ],
    [
      [
        240.17770385742188,
        0.0,
        416.0
      ],
      [
        0.0,
        240.0,
        240.0
      ],
      [
        0.0,
        0.0,
        1.0
      ]
    ],
    [
      [
        240.17770385742188,
        0.0,
        416.0
      ],
      [
        0.0,
        240.0,
        240.0
      ],
      [
        0.0,
        0.0,
        1.0
      ]
    ],
    [
      [
        240.17770385742188,
        0.0,
        416.0
      ],
      [
        0.0,
        240.0,
        240.0
      ],
      [
        0.0,
        0.0,
        1.0
      ]
    ],
    [
      [
        240.17770385742188,
        0.0,
        416.0
      ],
      [
        0.0,
        240.0,
        240.0
      ],
      [
        0.0,
        0.0,
        1.0
      ]
    ],
    [
      [
        240.17770385742188,
        0.0,
        416.0
      ],
      [
        0.0,
        240.0,
        240.0
      ],
      [
        0.0,
        0.0,
        1.0
      ]
    ],
    [
      [
        240.17770385742188,
        0.0,
        416.0
      ],
      [
        0.0,
        240.0,
        240.0
      ],
      [
        0.0,
        0.0,
        1.0
      ]
    ],
    [
      [
        240.17770385742188,
        0.0,
        416.0
      ],
      [
        0.0,
        240.0,
        240.0
      ],
      [
        0.0,
        0.0,
        1.0
      ]
    ],
    [
      [
        240.17770385742188,
        0.0,
        416.0
      ],
      [
        0.0,
        240.0,
        240.0
      ],
      [
        0.0,
        0.0,
        1.0
      ]
    ],
    [
      [
        240.17770385742188,
        0.0,
        416.0
      ],
      [
        0.0,
        240.0,
        240.0
      ],
      [
        0.0,
        0.0,
        1.0
      ]
    ],
    [
      [
        240.17770385742188,
        0.0,
        416.0
      ],
      [
        0.0,
        240.0,
        240.0
      ],
      [
        0.0,
        0.0,
        1.0
      ]
    ],
    [
      [
        240.17770385742188,
        0.0,
        416.0
      ],
      [
        0.0,
        240.0,
        240.0
      ],
      [
        0.0,
        0.0,
        1.0
      ]
    ],
    [
      [
        240.17770385742188,
        0.0,
        416.0
      ],
      [
        0.0,
        240.0,
        240.0
      ],
      [
        0.0,
        0.0,
        1.0
      ]
    ],
    [
      [
        240.17770385742188,
        0.0,
        416.0
      ],
      [
        0.0,
        240.0,
        240.0
      ],
      [
        0.0,
        0.0,
        1.0
      ]
    ],
    [
      [
        240.17770385742188,
        0.0,
        416.0
      ],
      [
        0.0,
        240.0,
        240.0
      ],
      [
        0.0,
        0.0,
        1.0
      ]
    ],
    [
      [
        240.17770385742188,
        0.0,
        416.0
      ],
      [
        0.0,
        240.0,
        240.0
      ],
      [
        0.0,
        0.0,
        1.0
      ]
    ]
  ],
  "extrinsic": [
    [
      [
        -0.05315308025921974,
        -0.9985863758628779,
        1.2054696608326768e-18,
        -0.0
      ],
      [
        0.23073150283260482,
        -0.012281451444592806,
        -0.9729399465285724,
        -0.0
      ],
      [
        0.9715645751361895,
        -0.0517147550652342,
        0.23105813218534038,
        0.0
      ],
      [
        0.0,
        0.0,
        0.0,
        1.0
      ]
    ],
    [
      [
        -0.053153080259219866,
        -0.9985863758628777,
        1.1508986043646472e-18,
        -1.1062938385120367e-18
      ],
      [
        0.18085323515560725,
        -0.00962651479703895,
        -0.9834629822960356,
        0.03968135249516126
      ],
      [
        0.9820727352862961,
        -0.05227408682995288,
        0.18110925557073826,
        0.001013107189666188
      ],
      [
        0.0,
        0.0,
        0.0,
        1.0
      ]
    ],
    [
      [
        -0.05315308025921967,
        -0.9985863758628779,
        -1.4637058875858817e-16,
        1.5853296168020745e-17
      ],
      [
        0.10385900147626763,
        -0.005528240695593473,
        -0.9945766669126942,
        0.10001361505187116
      ],
      [
        0.9931707093301279,
        -0.052864813400357674,
        0.10400602690630854,
        0.006205733720906
      ],
      [
        0.0,
        0.0,
        0.0,
        1.0
      ]
    ],
    [
      [
        -0.05315308025921981,
        -0.9985863758628777,
        -4.6630203598488336e-17,
        6.416533119458051e-18
      ],
      [
        0.02623451645985337,
        -0.001396419371080857,
        -0.9996548405119926,
        0.1597377171582901
      ],
      [
        0.998241704300654,
        -0.053134733969251474,
        0.026271654705066625,
        0.01653287312829021
      ],
      [
        0.0,
        0.0,
        0.0,
        1.0
      ]
    ],
    [
      [
        -0.0531530802592198,
        -0.9985863758628779,
        -1.3449870201993288e-17,
        1.99483111722274e-18
      ],
      [
        -0.051549121403425796,
        0.0027438733929059213,
        -0.9986666907639098,
        0.2184949021143727
      ],
      [
        0.9972549514249062,
        -0.053082210766383565,
        -0.05162209564383684,
        0.03107973967344053
      ],
      [
        0.0,
        0.0,
        0.0,
        1.0
      ]
    ],
    [
      [
        -0.053153080259219755,
        -0.9985863758628776,
        8.439896734406934e-17,
        -2.3240539810790474e-17
      ],
      [
        -0.12901998219991742,
        0.006867517557496651,
        -0.991618213525614,
        0.2759227815044843
      ],
      [
        0.9902164380841644,
        -0.05270756249003112,
        -0.12920262615082378,
        0.050503578542749374
      ],
      [
        0.0,
        0.0,
        0.0,
        1.0
      ]
    ],
    [
      [
        -0.05315308025921979,
        -0.9985863758628777,
        -7.357765678350257e-18,
        2.9544147636950644e-18
      ],
      [
        -0.20570787226314566,
        0.010949485501350097,
        -0.9785521856580898,
        0.3316805490884716
      ],
      [
        0.97716888066901,
        -0.05201306286211942,
        -0.20599907753136892,
        0.07404736321764104
      ],
      [
        0.0,
        0.0,
        0.0,
        1.0
      ]
    ],
    [
      [
        -0.054460972955511916,
        -0.9985158999085355,
        7.388276556662473e-06,
        0.0034723196834992847
      ],
      [
        -0.2713635820650381,
        0.014793569636428694,
        -0.9623632145018031,
        0.3868990627308112
      ],
      [
        0.960934861868155,
        -0.052413241907553934,
        -0.27176652354396025,
        0.0745339174057394
      ],
      [
        0.0,
        0.0,
        0.0,
        1.0
      ]
    ],
    [
      [
        -0.06451861749463303,
        -0.9979165034923113,
        7.36618992100372e-06,
        0.03155256067187396
      ],
      [
        -0.2503713314363123,
        0.016180192960195787,
        -0.9680146681484629,
        0.4485663229478575
      ],
      [
        0.96599769378161,
        -0.062456812386242934,
        -0.25089360732222765,
        -0.16590822498670277
      ],
      [
        0.0,
        0.0,
        0.0,
        1.0
      ]
    ],
    [
      [
        -0.06625523397570973,
        -0.9978027079298702,
        -4.31766385705393e-06,
        0.036628461605559916
      ],
      [
        -0.22520447588419393,
        0.014958048697732821,
        -0.9741966951395808,
        0.4985796249963784
      ],
      [
        0.9720561650504302,
        -0.06454465761761013,
        -0.2257006848914642,
        -0.4125886740313547
      ],
      [
        0.0,
        0.0,
        0.0,
        1.0
      ]
    ],
    [
      [
        -0.059536560761988294,
        -0.9982261255607334,
        -1.3440256177358859e-05,
        0.018004157362263087
      ],
      [
        -0.19444989382849087,
        0.011610656557032924,
        -0.9808437344676282,
        0.5322917884448665
      ],
      [
        0.9791039968883399,
        -0.05839344913876078,
        -0.19479622269170477,
        -0.664807926038223
      ],
      [
        0.0,
        0.0,
        0.0,
        1.0
      ]
    ],
    [
      [
        -0.04430178548343559,
        -0.999018193143927,
        -3.962855978353367e-05,
        -0.024245144765178334
      ],
      [
        -0.15624713566248397,
        0.006968009193211865,
        -0.9876934136892644,
        0.5434680653551729
      ],
      [
        0.9867239656561753,
        -0.04375038988770741,
        -0.15640242640197308,
        -0.9218887228357786
      ],
      [
        0.0,
        0.0,
        0.0,
        1.0
      ]
    ],
    [
      [
        -0.019758718291875983,
        -0.9998047761193887,
        -5.1964617505542663e-05,
        -0.09256815809600757
      ],
      [
        -0.10791296203669351,
        0.002184309283659105,
        -0.994157945910719,
        0.5233034521708817
      ],
      [
        0.9939639760453743,
        -0.019637679135083793,
        -0.10793505400127455,
        -1.1826393309656884
      ],
      [
        0.0,
        0.0,
        0.0,
        1.0
      ]
    ],
    [
      [
        0.015879379764271662,
        -0.9998739036624246,
        -0.00014857041103875202,
        -0.19118815102305287
      ],
      [
        -0.044788300850720636,
        -0.0005628601156496066,
        -0.9989963419829906,
        0.4577767327669529
      ],
      [
        0.9988702885786561,
        0.015870096513733216,
        -0.04479159107954763,
        -1.444370254331457
      ],
      [
        0.0,
        0.0,
        0.0,
        1.0
      ]
    ],
    [
      [
        0.06398585292023744,
        -0.9979507966754007,
        -0.00013431679896506513,
        -0.324946012562451
      ],
      [
        0.03811348638566464,
        0.0025782260033823225,
        -0.999270091069579,
        0.32795966360113604
      ],
      [
        0.9972227297758507,
        0.06393402979328164,
        0.03820035409249872,
        -1.6993716187721446
      ],
      [
        0.0,
        0.0,
        0.0,
        1.0
      ]
    ],
    [
      [
        0.1267756717600625,
        -0.991931292717768,
        -0.0004894660787167184,
        -0.4975941722824399
      ],
      [
        0.151722535362511,
        0.019878824495157557,
        -0.9882232058598208,
        0.09843644238168013
      ],
      [
        0.9802592520925046,
        0.1252083977373245,
        0.1530184819657269,
        -1.931528857070285
      ],
      [
        0.0,
        0.0,
        0.0,
        1.0
      ]
    ],
    [
      [
        0.19678469210735336,
        -0.9804466943482834,
        -0.00025395617198982376,
        -0.6916695104106543
      ],
      [
        0.3032418168848734,
        0.0611097452660694,
        -0.9509521541727938,
        -0.2721077190770315
      ],
      [
        0.9323734152390741,
        0.18705581673671434,
        0.3093378993598839,
        -2.106209137290204
      ],
      [
        0.0,
        0.0,
        0.0,
        1.0
      ]
    ],
    [
      [
        0.18011544423732653,
        -0.983642747088892,
        0.0023179401650154667,
        -0.6514379433635665
      ],
      [
        0.5147875456627365,
        0.09225454610523585,
        -0.8523396515201278,
        -0.8889473750894671
      ],
      [
        0.838183875756225,
        0.15471278170317734,
        0.5229835041375,
        -2.1965670569314435
      ],
      [
        0.0,
        0.0,
        0.0,
        1.0
      ]
    ],
    [
      [
        -0.39485362220908016,
        -0.9187424994529839,
        0.0016842586657645083,
        0.9593493923090962
      ],
      [
        0.6385119052973024,
        -0.2757344030274758,
        -0.7185214581212521,
        -1.3984133090567799
      ],
      [
        0.6606006084026699,
        -0.28263538116443554,
        0.6955027516063874,
        -2.0114931162433902
      ],
      [
        0.0,
        0.0,
        0.0,
        1.0
      ]
    ],
    [
      [
        -0.9330215016655896,
        -0.3597875409959565,
        -0.004878808642605874,
        2.5515934884720655
      ],
      [
        0.2092580567912386,
        -0.5315298458044486,
        -0.8207844349688008,
        -0.15503537570008016
      ],
      [
        0.2927147811396668,
        -0.7668304560743411,
        0.5712172165990578,
        -0.8882700081741184
      ],
      [
        0.0,
        0.0,
        0.0,
        1.0
      ]
    ],
    [
      [
        -0.9836712050907357,
        -0.1799748879020064,
        4.4822119772881265e-09,
        2.709182754425464
      ],
      [
        0.0639253530296773,
        -0.3493905953964875,
        -0.9347939671866303,
        0.3336150625331714
      ],
      [
        0.16823944102192837,
        -0.9195299079274953,
        0.35519042626664477,
        -0.2272918781920562
      ],
      [
        0.0,
        0.0,
        0.0,
        1.0
      ]
    ]
  ],
  "rotation_deg": 29.25,
  "max_xy_angle": 44.426231384277344
}