{
  "extrinsic": [
    [
      [
        0.0,
        1.0,
        0.0,
        0.0
      ],
      [
        -0.0,
        -0.0,
        -1.0,
        -0.0
      ],
      [
        -1.0,
        -0.0,
        -0.0,
        -0.0
      ],
      [
        0.0,
        0.0,
        0.0,
        1.0
      ]
    ],
    [
      [
        0.0,
        1.0,
        0.0,
        0.0
      ],
      [
        0.0871557405568833,
        -0.0,
        -0.9961946759594263,
        0.06976174350227017
      ],
      [
        -0.9961946759594265,
        -0.0,
        -0.0871557405568833,
        0.0030458701230901748
      ],
      [
        0.0,
        0.0,
        0.0,
        1.0
      ]
    ],
    [
      [
        0.0,
        1.0,
        0.0,
        0.0
      ],
      [
        0.17364818648855257,
        -0.0,
        -0.9848077745873128,
        0.1389925707959499
      ],
      [
        -0.9848077745873128,
        -0.0,
        -0.17364818648855254,
        0.012160247309803307
      ],
      [
        0.0,
        0.0,
        0.0,
        1.0
      ]
    ],
    [
      [
        0.0,
        1.0,
        0.0,
        0.0
      ],
      [
        0.25881905061666344,
        -0.0,
        -0.9659258387722409,
        0.207165564857459
      ],
      [
        -0.965925838772241,
        -0.0,
        -0.2588190506166634,
        0.027273833732886523
      ],
      [
        0.0,
        0.0,
        0.0,
        1.0
      ]
    ],
    [
      [
        0.0,
        1.0,
        0.0,
        0.0
      ],
      [
        0.34202015428106647,
        -0.0,
        -0.9396926172367759,
        0.27376189355265457
      ],
      [
        -0.9396926172367759,
        -0.0,
        -0.34202015428106647,
        0.04827162389659438
      ],
      [
        0.0,
        0.0,
        0.0,
        1.0
      ]
    ],
    [
      [
        0.0,
        1.0,
        0.0,
        0.0
      ],
      [
        0.42261824442408075,
        -0.0,
        -0.9063077618285075,
        0.33827472211015314
      ],
      [
        -0.9063077618285074,
        -0.0,
        -0.4226182444240807,
        0.07499373456948176
      ],
      [
        0.0,
        0.0,
        0.0,
        1.0
      ]
    ],
    [
      [
        0.0,
        1.0,
        0.0,
        0.0
      ],
      [
        0.500000013461174,
        -0.0,
        -0.8660254115562508,
        0.4002131367413566
      ],
      [
        -0.866025411556251,
        -0.0,
        -0.500000013461174,
        0.10723677048470288
      ],
      [
        0.0,
        0.0,
        0.0,
        1.0
      ]
    ],
    [
      [
        0.0,
        1.0,
        0.0,
        0.0
      ],
      [
        0.5735764290332482,
        -0.0,
        -0.8191520267303903,
        0.45910561466874855
      ],
      [
        -0.8191520267303902,
        -0.0,
        -0.5735764290332483,
        0.14475547572574482
      ],
      [
        0.0,
        0.0,
        0.0,
        1.0
      ]
    ],
    [
      [
        0.0,
        1.0,
        0.0,
        0.0
      ],
      [
        0.6427876192930332,
        -0.0,
        -0.7660444187774802,
        0.514504048701673
      ],
      [
        -0.7660444187774801,
        -0.0,
        -0.6427876192930332,
        0.1872641968476223
      ],
      [
        0.0,
        0.0,
        0.0,
        1.0
      ]
    ],
    [
      [
        0.0,
        1.0,
        0.0,
        0.0
      ],
      [
        0.7071067932881648,
        0.0,
        -0.7071067932881648,
        0.5659868351787612
      ],
      [
        -0.7071067932881648,
        -0.0,
        -0.7071067932881648,
        0.23443940433689392
      ],
      [
        0.0,
        0.0,
        0.0,
        1.0
      ]
    ],
    [
      [
        -0.09505604330418269,
        0.9954719225730847,
        -2.8248827514317847e-18,
        -0.07608535178140272
      ],
      [
        0.7039049589790581,
        0.06721477396348155,
        -0.7071067932881648,
        0.563424002966457
      ],
      [
        -0.7039049589790582,
        -0.06721477396348155,
        -0.7071067932881648,
        0.23700223654919814
      ],
      [
        0.0,
        0.0,
        0.0,
        1.0
      ]
    ],
    [
      [
        -0.18925124436041024,
        0.9819286972627067,
        5.461546672028425e-18,
        -0.15148166283496484
      ],
      [
        0.6943284523590577,
        0.13382084052548457,
        -0.7071067932881648,
        0.5557587157349233
      ],
      [
        -0.6943284523590577,
        -0.13382084052548457,
        -0.7071067932881648,
        0.24466752378073187
      ],
      [
        0.0,
        0.0,
        0.0,
        1.0
      ]
    ],
    [
      [
        -0.2817325568414297,
        0.9594929736144974,
        -1.4385351071715365e-17,
        -0.2255061324923777
      ],
      [
        0.678463999755073,
        0.199215004833019,
        -0.7071067932881647,
        0.543060391512328
      ],
      [
        -0.678463999755073,
        -0.199215004833019,
        -0.7071067932881648,
        0.2573658480033271
      ],
      [
        0.0,
        0.0,
        0.0,
        1.0
      ]
    ],
    [
      [
        -0.3716624556603276,
        0.9283679330160727,
        1.43053032528117e-17,
        -0.2974883836934512
      ],
      [
        0.6564552721065569,
        0.262805047207579,
        -0.7071067932881648,
        0.5254440282892151
      ],
      [
        -0.6564552721065569,
        -0.26280504720757897,
        -0.7071067932881648,
        0.27498221122644007
      ],
      [
        0.0,
        0.0,
        0.0,
        1.0
      ]
    ],
    [
      [
        -0.45822652172741035,
        0.8888354486549235,
        8.819763075177704e-18,
        -0.3667765340245808
      ],
      [
        0.6285015838592302,
        0.3240150863782587,
        -0.7071067932881648,
        0.5030691625788944
      ],
      [
        -0.6285015838592302,
        -0.3240150863782587,
        -0.7071067932881648,
        0.29735707693676067
      ],
      [
        0.0,
        0.0,
        0.0,
        1.0
      ]
    ],
    [
      [
        -0.5406408174555976,
        0.8412535328311813,
        1.8172399306218816e-18,
        -0.4327430992668326
      ],
      [
        0.5948560879425964,
        0.38229079475171973,
        -0.7071067932881648,
        0.4761384246300723
      ],
      [
        -0.5948560879425964,
        -0.3822907947517196,
        -0.7071067932881648,
        0.32428781488558284
      ],
      [
        0.0,
        0.0,
        0.0,
        1.0
      ]
    ],
    [
      [
        -0.6181589862206052,
        0.7860530947427876,
        5.1687076989476075e-18,
        -0.4947906759901974
      ],
      [
        0.5558234831778105,
        0.437104418488715,
        -0.7071067932881648,
        0.4448957033759412
      ],
      [
        -0.5558234831778105,
        -0.437104418488715,
        -0.7071067932881648,
        0.3555305361397139
      ],
      [
        0.0,
        0.0,
        0.0,
        1.0
      ]
    ],
    [
      [
        -0.690079011482112,
        0.7237340381050701,
        2.591006945362826e-17,
        -0.5523573517315633
      ],
      [
        0.5117572548779705,
        0.487959556924583,
        -0.7071067932881648,
        0.4096239377382337
      ],
      [
        -0.5117572548779706,
        -0.4879595569245829,
        -0.7071067932881648,
        0.3908023017774215
      ],
      [
        0.0,
        0.0,
        0.0,
        1.0
      ]
    ],
    [
      [
        -0.7557495743542584,
        0.654860733945285,
        -7.766621190487832e-17,
        -0.6049217937609961
      ],
      [
        0.4630564736303846,
        0.534395658050535,
        -0.707106793288165,
        0.37064255428853266
      ],
      [
        -0.4630564736303846,
        -0.5343956580505351,
        -0.7071067932881648,
        0.42978368522712257
      ],
      [
        0.0,
        0.0,
        0.0,
        1.0
      ]
    ],
    [
      [
        -0.8145759520503358,
        0.5800569095711982,
        -7.864429243500731e-17,
        -0.6520079703516724
      ],
      [
        0.41016218125153286,
        0.5759921893439668,
        -0.707106793288165,
        0.32830457447177536
      ],
      [
        -0.4101621812515329,
        -0.5759921893439668,
        -0.7071067932881648,
        0.47212166504387987
      ],
      [
        0.0,
        0.0,
        0.0,
        1.0
      ]
    ],
    [
      [
        -0.8660254037844386,
        0.5000000000000001,
        -2.6789349167494632e-17,
        -0.6931894617969119
      ],
      [
        0.35355339664408253,
        0.6123724461761024,
        -0.707106793288165,
        0.2829934175893807
      ],
      [
        -0.3535533966440825,
        -0.6123724461761025,
        -0.7071067932881648,
        0.5174328219262745
      ],
      [
        0.0,
        0.0,
        0.0,
        1.0
      ]
    ]
  ],
  "intrinsic": [
    [
      [
        240.17770385742188,
        0.0,
        416.0
      ],
      [
        0.0,
        240.0,
        240.0
      ],
      [
        0.0,
        0.0,
        1.0
      ]
    ],
    [
      [
        240.17770385742188,
        0.0,
        416.0
      ],
      [
        0.0,
        240.0,
        240.0
      ],
      [
        0.0,
        0.0,
        1.0
      ]
    ],
    [
      [
        240.17770385742188,
        0.0,
        416.0
      ],
      [
        0.0,
        240.0,
        240.0
      ],
      [
        0.0,
        0.0,
        1.0
      ]
    ],
    [
      [
        240.17770385742188,
        0.0,
        416.0
      ],
      [
        0.0,
        240.0,
        240.0
      ],
      [
        0.0,
        0.0,
        1.0
      ]
    ],
    [
      [
        240.17770385742188,
        0.0,
        416.0
      ],
      [
        0.0,
        240.0,
        240.0
      ],
      [
        0.0,
        0.0,
        1.0
      ]
    ],
    [
      [
        240.17770385742188,
        0.0,
        416.0
      ],
      [
        0.0,
        240.0,
        240.0
      ],
      [
        0.0,
        0.0,
        1.0
      ]
    ],
    [
      [
        240.17770385742188,
        0.0,
        416.0
      ],
      [
        0.0,
        240.0,
        240.0
      ],
      [
        0.0,
        0.0,
        1.0
      ]
    ],
    [
      [
        240.17770385742188,
        0.0,
        416.0
      ],
      [
        0.0,
        240.0,
        240.0
      ],
      [
        0.0,
        0.0,
        1.0
      ]
    ],
    [
      [
        240.17770385742188,
        0.0,
        416.0
      ],
      [
        0.0,
        240.0,
        240.0
      ],
      [
        0.0,
        0.0,
        1.0
      ]
    ],
    [
      [
        240.17770385742188,
        0.0,
        416.0
      ],
      [
        0.0,
        240.0,
        240.0
      ],
      [
        0.0,
        0.0,
        1.0
      ]
    ],
    [
      [
        240.17770385742188,
        0.0,
        416.0
      ],
      [
        0.0,
        240.0,
        240.0
      ],
      [
        0.0,
        0.0,
        1.0
      ]
    ],
    [
      [
        240.17770385742188,
        0.0,
        416.0
      ],
      [
        0.0,
        240.0,
        240.0
      ],
      [
        0.0,
        0.0,
        1.0
      ]
    ],
    [
      [
        240.17770385742188,
        0.0,
        416.0
      ],
      [
        0.0,
        240.0,
        240.0
      ],
      [
        0.0,
        0.0,
        1.0
      ]
    ],
    [
      [
        240.17770385742188,
        0.0,
        416.0
      ],
      [
        0.0,
        240.0,
        240.0
      ],
      [
        0.0,
        0.0,
        1.0
      ]
    ],
    [
      [
        240.17770385742188,
        0.0,
        416.0
      ],
      [
        0.0,
        240.0,
        240.0
      ],
      [
        0.0,
        0.0,
        1.0
      ]
    ],
    [
      [
        240.17770385742188,
        0.0,
        416.0
      ],
      [
        0.0,
        240.0,
        240.0
      ],
      [
        0.0,
        0.0,
        1.0
      ]
    ],
    [
      [
        240.17770385742188,
        0.0,
        416.0
      ],
      [
        0.0,
        240.0,
        240.0
      ],
      [
        0.0,
        0.0,
        1.0
      ]
    ],
    [
      [
        240.17770385742188,
        0.0,
        416.0
      ],
      [
        0.0,
        240.0,
        240.0
      ],
      [
        0.0,
        0.0,
        1.0
      ]
    ],
    [
      [
        240.17770385742188,
        0.0,
        416.0
      ],
      [
        0.0,
        240.0,
        240.0
      ],
      [
        0.0,
        0.0,
        1.0
      ]
    ],
    [
      [
        240.17770385742188,
        0.0,
        416.0
      ],
      [
        0.0,
        240.0,
        240.0
      ],
      [
        0.0,
        0.0,
        1.0
      ]
    ],
    [
      [
        240.17770385742188,
        0.0,
        416.0
      ],
      [
        0.0,
        240.0,
        240.0
      ],
      [
        0.0,
        0.0,
        1.0
      ]
    ]
  ],
  "width": 832,
  "height": 480,
  "type": "up-right-aerial",
  "rotation_deg": 105.0
}