{
  "extrinsic": [
    [
      [
        1.0,
        0.0,
        0.0,
        0.0
      ],
      [
        0.0,
        1.0,
        0.0,
        0.0
      ],
      [
        0.0,
        0.0,
        1.0,
        0.0
      ],
      [
        0.0,
        0.0,
        0.0,
        1.0
      ]
    ],
    [
      [
        1.0,
        0.0,
        0.0,
        0.0
      ],
      [
        0.0,
        0.9992290583600422,
        -0.03925981919729942,
        0.13391929293721505
      ],
      [
        0.0,
        0.03925981919729942,
        0.9992290583600419,
        0.0026296790938213272
      ],
      [
        0.0,
        0.0,
        0.0,
        1.0
      ]
    ],
    [
      [
        1.0,
        0.0,
        0.0,
        0.0
      ],
      [
        0.0,
        0.996917359263176,
        -0.07845910301866904,
        0.2676321162882665
      ],
      [
        0.0,
        0.07845910301866904,
        0.996917359263176,
        0.010515138197757673
      ],
      [
        0.0,
        0.0,
        0.0,
        1.0
      ]
    ],
    [
      [
        1.0,
        0.0,
        0.0,
        0.0
      ],
      [
        0.0,
        0.9930684580201069,
        -0.11753739432818157,
        0.40093219318293566
      ],
      [
        0.0,
        0.11753739432818157,
        0.9930684580201069,
        0.023644207162828314
      ],
      [
        0.0,
        0.0,
        0.0,
        1.0
      ]
    ],
    [
      [
        1.0,
        0.0,
        0.0,
        0.0
      ],
      [
        0.0,
        0.9876883207706706,
        -0.15643445484955434,
        0.5336140724127443
      ],
      [
        0.0,
        0.15643445484955437,
        0.9876883207706704,
        0.04199643430858092
      ],
      [
        0.0,
        0.0,
        0.0,
        1.0
      ]
    ],
    [
      [
        1.0,
        0.0,
        0.0,
        0.0
      ],
      [
        0.0,
        0.9807853072396598,
        -0.19509033494024688,
        0.6654732456444514
      ],
      [
        0.0,
        0.19509033494024688,
        0.98078530723966,
        0.06554337730080238
      ],
      [
        0.0,
        0.0,
        0.0,
        1.0
      ]
    ],
    [
      [
        1.0,
        0.0,
        0.0,
        0.0
      ],
      [
        0.0,
        0.9723699314778688,
        -0.2334453665842759,
        0.7963062508686869
      ],
      [
        0.0,
        0.2334453665842759,
        0.9723699314778685,
        0.09424910154420159
      ],
      [
        0.0,
        0.0,
        0.0,
        1.0
      ]
    ],
    [
      [
        1.0,
        0.0,
        0.0,
        0.0
      ],
      [
        0.0,
        0.9624552582141745,
        -0.27144045910879844,
        0.9259114159822981
      ],
      [
        0.0,
        0.2714404591087984,
        0.9624552582141744,
        0.1280689677992133
      ],
      [
        0.0,
        0.0,
        0.0,
        1.0
      ]
    ],
    [
      [
        1.0,
        0.0,
        0.0,
        0.0
      ],
      [
        0.0,
        0.9510564922832235,
        -0.3090169870744136,
        1.0540888899699472
      ],
      [
        0.0,
        0.30901698707441366,
        0.9510564922832236,
        0.1669513883240028
      ],
      [
        0.0,
        0.0,
        0.0,
        1.0
      ]
    ],
    [
      [
        1.0,
        0.0,
        0.0,
        0.0
      ],
      [
        0.0,
        0.9381913269173076,
        -0.3461170393629498,
        1.180640912900622
      ],
      [
        0.0,
        0.34611703936294985,
        0.9381913269173074,
        0.21083572457983768
      ],
      [
        0.0,
        0.0,
        0.0,
        1.0
      ]
    ],
    [
      [
        1.0,
        0.0,
        0.0,
        0.0
      ],
      [
        0.0,
        0.9238795569282794,
        -0.3826834479809351,
        1.3053727445365846
      ],
      [
        0.0,
        0.3826834479809352,
        0.9238795569282794,
        0.25965480651865464
      ],
      [
        0.0,
        0.0,
        0.0,
        1.0
      ]
    ],
    [
      [
        1.0,
        0.0,
        0.0,
        0.0
      ],
      [
        0.0,
        0.9081431741055948,
        -0.4186597518923213,
        1.428091709928787
      ],
      [
        0.0,
        0.4186597518923213,
        0.9081431741055949,
        0.31333302084086234
      ],
      [
        0.0,
        0.0,
        0.0,
        1.0
      ]
    ],
    [
      [
        1.0,
        0.0,
        0.0,
        0.0
      ],
      [
        0.0,
        0.8910065296561853,
        -0.45399048941004555,
        1.5486084435136802
      ],
      [
        0.0,
        0.4539904894100456,
        0.8910065296561852,
        0.37178793769915963
      ],
      [
        0.0,
        0.0,
        0.0,
        1.0
      ]
    ],
    [
      [
        1.0,
        0.0,
        0.0,
        0.0
      ],
      [
        0.0,
        0.8724960117623171,
        -0.48862123651190215,
        1.6667374936488173
      ],
      [
        0.0,
        0.48862123651190215,
        0.8724960117623173,
        0.43492916603770454
      ],
      [
        0.0,
        0.0,
        0.0,
        1.0
      ]
    ],
    [
      [
        1.0,
        0.0,
        0.0,
        0.0
      ],
      [
        0.0,
        0.8526401848394591,
        -0.5224985681686635,
        1.782296549884354
      ],
      [
        0.0,
        0.5224985681686635,
        0.8526401848394592,
        0.5026596498312533
      ],
      [
        0.0,
        0.0,
        0.0,
        1.0
      ]
    ],
    [
      [
        1.0,
        0.0,
        0.0,
        0.0
      ],
      [
        0.0,
        0.8314696078848953,
        -0.5555702531096944,
        1.8951075453113009
      ],
      [
        0.0,
        0.5555702531096945,
        0.8314696078848954,
        0.5748745666288598
      ],
      [
        0.0,
        0.0,
        0.0,
        1.0
      ]
    ],
    [
      [
        1.0,
        0.0,
        0.0,
        0.0
      ],
      [
        0.0,
        0.8090169997366465,
        -0.5877852419203672,
        2.004996113608481
      ],
      [
        0.0,
        0.5877852419203672,
        0.8090169997366465,
        0.651462620439092
      ],
      [
        0.0,
        0.0,
        0.0,
        1.0
      ]
    ],
    [
      [
        1.0,
        0.0,
        0.0,
        0.0
      ],
      [
        0.0,
        0.7853169226814043,
        -0.6190939376604905,
        2.11179339426936
      ],
      [
        0.0,
        0.6190939376604905,
        0.7853169226814044,
        0.7323062674404843
      ],
      [
        0.0,
        0.0,
        0.0,
        1.0
      ]
    ],
    [
      [
        1.0,
        0.0,
        0.0,
        0.0
      ],
      [
        0.0,
        0.760405977881037,
        -0.6494480543847619,
        2.2153344735207554
      ],
      [
        0.0,
        0.6494480543847619,
        0.7604059778810371,
        0.8172799871815744
      ],
      [
        0.0,
        0.0,
        0.0,
        1.0
      ]
    ],
    [
      [
        1.0,
        0.0,
        0.0,
        0.0
      ],
      [
        0.0,
        0.7343224949764497,
        -0.6788007678639718,
        2.3154594512020013
      ],
      [
        0.0,
        0.6788007678639717,
        0.7343224949764495,
        0.9062534675111876
      ],
      [
        0.0,
        0.0,
        0.0,
        1.0
      ]
    ],
    [
      [
        1.0,
        0.0,
        0.0,
        0.0
      ],
      [
        0.0,
        0.7071067932881648,
        -0.7071067932881648,
        2.4120142796896946
      ],
      [
        0.0,
        0.7071067932881648,
        0.7071067932881648,
        0.999089038000695
      ],
      [
        0.0,
        0.0,
        0.0,
        1.0
      ]
    ]
  ],
  "intrinsic": [
    [
      [
        583.8071899414062,
        0.0,
        384.0
      ],
      [
        0.0,
        583.8071899414062,
        256.0
      ],
      [
        0.0,
        0.0,
        1.0
      ]
    ],
    [
      [
        583.8071899414062,
        0.0,
        384.0
      ],
      [
        0.0,
        583.8071899414062,
        256.0
      ],
      [
        0.0,
        0.0,
        1.0
      ]
    ],
    [
      [
        583.8071899414062,
        0.0,
        384.0
      ],
      [
        0.0,
        583.8071899414062,
        256.0
      ],
      [
        0.0,
        0.0,
        1.0
      ]
    ],
    [
      [
        583.8071899414062,
        0.0,
        384.0
      ],
      [
        0.0,
        583.8071899414062,
        256.0
      ],
      [
        0.0,
        0.0,
        1.0
      ]
    ],
    [
      [
        583.8071899414062,
        0.0,
        384.0
      ],
      [
        0.0,
        583.8071899414062,
        256.0
      ],
      [
        0.0,
        0.0,
        1.0
      ]
    ],
    [
      [
        583.8071899414062,
        0.0,
        384.0
      ],
      [
        0.0,
        583.8071899414062,
        256.0
      ],
      [
        0.0,
        0.0,
        1.0
      ]
    ],
    [
      [
        583.8071899414062,
        0.0,
        384.0
      ],
      [
        0.0,
        583.8071899414062,
        256.0
      ],
      [
        0.0,
        0.0,
        1.0
      ]
    ],
    [
      [
        583.8071899414062,
        0.0,
        384.0
      ],
      [
        0.0,
        583.8071899414062,
        256.0
      ],
      [
        0.0,
        0.0,
        1.0
      ]
    ],
    [
      [
        583.8071899414062,
        0.0,
        384.0
      ],
      [
        0.0,
        583.8071899414062,
        256.0
      ],
      [
        0.0,
        0.0,
        1.0
      ]
    ],
    [
      [
        583.8071899414062,
        0.0,
        384.0
      ],
      [
        0.0,
        583.8071899414062,
        256.0
      ],
      [
        0.0,
        0.0,
        1.0
      ]
    ],
    [
      [
        583.8071899414062,
        0.0,
        384.0
      ],
      [
        0.0,
        583.8071899414062,
        256.0
      ],
      [
        0.0,
        0.0,
        1.0
      ]
    ],
    [
      [
        583.8071899414062,
        0.0,
        384.0
      ],
      [
        0.0,
        583.8071899414062,
        256.0
      ],
      [
        0.0,
        0.0,
        1.0
      ]
    ],
    [
      [
        583.8071899414062,
        0.0,
        384.0
      ],
      [
        0.0,
        583.8071899414062,
        256.0
      ],
      [
        0.0,
        0.0,
        1.0
      ]
    ],
    [
      [
        583.8071899414062,
        0.0,
        384.0
      ],
      [
        0.0,
        583.8071899414062,
        256.0
      ],
      [
        0.0,
        0.0,
        1.0
      ]
    ],
    [
      [
        583.8071899414062,
        0.0,
        384.0
      ],
      [
        0.0,
        583.8071899414062,
        256.0
      ],
      [
        0.0,
        0.0,
        1.0
      ]
    ],
    [
      [
        583.8071899414062,
        0.0,
        384.0
      ],
      [
        0.0,
        583.8071899414062,
        256.0
      ],
      [
        0.0,
        0.0,
        1.0
      ]
    ],
    [
      [
        583.8071899414062,
        0.0,
        384.0
      ],
      [
        0.0,
        583.8071899414062,
        256.0
      ],
      [
        0.0,
        0.0,
        1.0
      ]
    ],
    [
      [
        583.8071899414062,
        0.0,
        384.0
      ],
      [
        0.0,
        583.8071899414062,
        256.0
      ],
      [
        0.0,
        0.0,
        1.0
      ]
    ],
    [
      [
        583.8071899414062,
        0.0,
        384.0
      ],
      [
        0.0,
        583.8071899414062,
        256.0
      ],
      [
        0.0,
        0.0,
        1.0
      ]
    ],
    [
      [
        583.8071899414062,
        0.0,
        384.0
      ],
      [
        0.0,
        583.8071899414062,
        256.0
      ],
      [
        0.0,
        0.0,
        1.0
      ]
    ],
    [
      [
        583.8071899414062,
        0.0,
        384.0
      ],
      [
        0.0,
        583.8071899414062,
        256.0
      ],
      [
        0.0,
        0.0,
        1.0
      ]
    ]
  ],
  "width": 768,
  "height": 512
}