{
  "id": 7,
  "type": "exploration",
  "width": 832,
  "height": 480,
  "intrinsic": [
    [
      [
        240.17770385742188,
        0.0,
        416.0
      ],
      [
        0.0,
        240.0,
        240.0
      ],
      [
        0.0,
        0.0,
        1.0
      ]
    ],
    [
      [
        240.17770385742188,
        0.0,
        416.0
      ],
      [
        0.0,
        240.0,
        240.0
      ],
      [
        0.0,
        0.0,
        1.0
      ]
    ],
    [
      [
        240.17770385742188,
        0.0,
        416.0
      ],
      [
        0.0,
        240.0,
        240.0
      ],
      [
        0.0,
        0.0,
        1.0
      ]
    ],
    [
      [
        240.17770385742188,
        0.0,
        416.0
      ],
      [
        0.0,
        240.0,
        240.0
      ],
      [
        0.0,
        0.0,
        1.0
      ]
    ],
    [
      [
        240.17770385742188,
        0.0,
        416.0
      ],
      [
        0.0,
        240.0,
        240.0
      ],
      [
        0.0,
        0.0,
        1.0
      ]
    ],
    [
      [
        240.17770385742188,
        0.0,
        416.0
      ],
      [
        0.0,
        240.0,
        240.0
      ],
      [
        0.0,
        0.0,
        1.0
      ]
    ],
    [
      [
        240.17770385742188,
        0.0,
        416.0
      ],
      [
        0.0,
        240.0,
        240.0
      ],
      [
        0.0,
        0.0,
        1.0
      ]
    ],
    [
      [
        240.17770385742188,
        0.0,
        416.0
      ],
      [
        0.0,
        240.0,
        240.0
      ],
      [
        0.0,
        0.0,
        1.0
      ]
    ],
    [
      [
        240.17770385742188,
        0.0,
        416.0
      ],
      [
        0.0,
        240.0,
        240.0
      ],
      [
        0.0,
        0.0,
        1.0
      ]
    ],
    [
      [
        240.17770385742188,
        0.0,
        416.0
      ],
      [
        0.0,
        240.0,
        240.0
      ],
      [
        0.0,
        0.0,
        1.0
      ]
    ],
    [
      [
        240.17770385742188,
        0.0,
        416.0
      ],
      [
        0.0,
        240.0,
        240.0
      ],
      [
        0.0,
        0.0,
        1.0
      ]
    ],
    [
      [
        240.17770385742188,
        0.0,
        416.0
      ],
      [
        0.0,
        240.0,
        240.0
      ],
      [
        0.0,
        0.0,
        1.0
      ]
    ],
    [
      [
        240.17770385742188,
        0.0,
        416.0
      ],
      [
        0.0,
        240.0,
        240.0
      ],
      [
        0.0,
        0.0,
        1.0
      ]
    ],
    [
      [
        240.17770385742188,
        0.0,
        416.0
      ],
      [
        0.0,
        240.0,
        240.0
      ],
      [
        0.0,
        0.0,
        1.0
      ]
    ],
    [
      [
        240.17770385742188,
        0.0,
        416.0
      ],
      [
        0.0,
        240.0,
        240.0
      ],
      [
        0.0,
        0.0,
        1.0
      ]
    ],
    [
      [
        240.17770385742188,
        0.0,
        416.0
      ],
      [
        0.0,
        240.0,
        240.0
      ],
      [
        0.0,
        0.0,
        1.0
      ]
    ],
    [
      [
        240.17770385742188,
        0.0,
        416.0
      ],
      [
        0.0,
        240.0,
        240.0
      ],
      [
        0.0,
        0.0,
        1.0
      ]
    ],
    [
      [
        240.17770385742188,
        0.0,
        416.0
      ],
      [
        0.0,
        240.0,
        240.0
      ],
      [
        0.0,
        0.0,
        1.0
      ]
    ],
    [
      [
        240.17770385742188,
        0.0,
        416.0
      ],
      [
        0.0,
        240.0,
        240.0
      ],
      [
        0.0,
        0.0,
        1.0
      ]
    ],
    [
      [
        240.17770385742188,
        0.0,
        416.0
      ],
      [
        0.0,
        240.0,
        240.0
      ],
      [
        0.0,
        0.0,
        1.0
      ]
    ],
    [
      [
        240.17770385742188,
        0.0,
        416.0
      ],
      [
        0.0,
        240.0,
        240.0
      ],
      [
        0.0,
        0.0,
        1.0
      ]
    ]
  ],
  "extrinsic": [
    [
      [
        0.015331281480949794,
        0.9998824689973077,
        0.0,
        0.0
      ],
      [
        -0.0,
        -0.0,
        -1.0,
        -0.0
      ],
      [
        -0.9998824689973078,
        0.015331281480949793,
        -0.0,
        -0.0
      ],
      [
        0.0,
        0.0,
        0.0,
        1.0
      ]
    ],
    [
      [
        0.015331281480949891,
        0.9998824689973076,
        9.413544515590838e-17,
        -5.494089551651542e-18
      ],
      [
        0.07844990357887918,
        -0.0012028789294878175,
        -0.9969173314326245,
        0.061011993257800386
      ],
      [
        -0.9968001627390598,
        0.015284020221430957,
        -0.07845912495850599,
        0.0023971576419184117
      ],
      [
        0.0,
        0.0,
        0.0,
        1.0
      ]
    ],
    [
      [
        0.015331281480949727,
        0.9998824689973075,
        2.0791373348529985e-16,
        -3.2914738032628744e-17
      ],
      [
        0.19709385313392383,
        -0.0030220565258946147,
        -0.9803799672734943,
        0.15328454139855532
      ],
      [
        -0.9802647422329211,
        0.015030481236554264,
        -0.19711702049499033,
        0.014659230946312078
      ],
      [
        0.0,
        0.0,
        0.0,
        1.0
      ]
    ],
    [
      [
        0.015331281480949897,
        0.9998824689973077,
        2.795529651396852e-17,
        -2.6224339610856614e-18
      ],
      [
        0.31290890557859774,
        -0.004797858406430694,
        -0.949771023649551,
        0.24335254231531578
      ],
      [
        -0.9496593961088134,
        0.014561206906021232,
        -0.31294568639890835,
        0.03893991496980448
      ],
      [
        0.0,
        0.0,
        0.0,
        1.0
      ]
    ],
    [
      [
        0.015331281480949765,
        0.9998824689973077,
        2.7516486169064954e-17,
        -1.1527658625222777e-17
      ],
      [
        0.4242327427723325,
        -0.006504796108086825,
        -0.9055298270004453,
        0.32993644548814205
      ],
      [
        -0.90542339917191,
        0.013882932667139584,
        -0.42428260913280874,
        0.07287806941820267
      ],
      [
        0.0,
        0.0,
        0.0,
        1.0
      ]
    ],
    [
      [
        0.0153312814809498,
        0.9998824689973074,
        -4.344929819223808e-17,
        1.9141980615352067e-17
      ],
      [
        0.52946746729461,
        -0.008118368936140574,
        -0.8482913963741747,
        0.41177245142830454
      ],
      [
        -0.8481916958357836,
        0.013005394175680382,
        -0.5295297034516121,
        0.11774706370280613
      ],
      [
        0.0,
        0.0,
        0.0,
        1.0
      ]
    ],
    [
      [
        0.015331281480949735,
        0.9998824689973077,
        1.017217410610981e-16,
        -5.99955704991621e-17
      ],
      [
        0.627102643588898,
        -0.00961541725594045,
        -0.7788772805486175,
        0.4877137447399819
      ],
      [
        -0.7787857383208604,
        0.011941186827207552,
        -0.6271763562549135,
        0.17139320539850736
      ],
      [
        0.0,
        0.0,
        0.0,
        1.0
      ]
    ],
    [
      [
        0.013045653678950539,
        0.9999149018391956,
        -6.72676149239583e-10,
        -0.0005975733600798858
      ],
      [
        0.7070466122362276,
        -0.009224670716274908,
        -0.7071067766437042,
        0.5736669387140738
      ],
      [
        -0.7070466031637251,
        0.009224669646519431,
        -0.7071067857293903,
        0.2039610475947253
      ],
      [
        0.0,
        0.0,
        0.0,
        1.0
      ]
    ],
    [
      [
        -0.01800720030523242,
        0.9998378572234433,
        -4.289363851684559e-09,
        -0.015338103055853267
      ],
      [
        0.706992135262507,
        0.012733010526538371,
        -0.7071067749073626,
        0.8035739423185795
      ],
      [
        -0.7069921225969409,
        -0.01273301636549028,
        -0.707106787465732,
        -0.025945950926274556
      ],
      [
        0.0,
        0.0,
        0.0,
        1.0
      ]
    ],
    [
      [
        -0.056122007471168654,
        0.9984239181216593,
        -3.463626751083916e-10,
        -0.04372444636666672
      ],
      [
        0.7059923282986452,
        0.03968425210905352,
        -0.7071067758959769,
        1.0328775917505562
      ],
      [
        -0.7059923177066901,
        -0.03968425200427738,
        -0.7071067864771181,
        -0.2552495981583381
      ],
      [
        0.0,
        0.0,
        0.0,
        1.0
      ]
    ],
    [
      [
        -0.0876750433971317,
        0.9961491287780716,
        3.6693188049202373e-09,
        -0.07726125163906829
      ],
      [
        0.7043838069210568,
        0.06199562058584029,
        -0.707106778058007,
        1.2616253903672712
      ],
      [
        -0.7043838011430346,
        -0.06199561486803298,
        -0.7071067843150879,
        -0.4839973991117829
      ],
      [
        0.0,
        0.0,
        0.0,
        1.0
      ]
    ],
    [
      [
        -0.11296883516084406,
        0.9935985317432798,
        1.4766459815009884e-09,
        -0.11245562891147186
      ],
      [
        0.7025802630116349,
        0.07988103084685041,
        -0.7071067776067107,
        1.4900137133750482
      ],
      [
        -0.7025802561337058,
        -0.07988102796310582,
        -0.707106784766384,
        -0.7123857185268665
      ],
      [
        0.0,
        0.0,
        0.0,
        1.0
      ]
    ],
    [
      [
        -0.132202153298519,
        0.991222775496626,
        -9.51327833490739e-09,
        -0.14548496950692374
      ],
      [
        0.7009003580648931,
        0.09348103387813424,
        -0.7071067701341711,
        1.718339722230406
      ],
      [
        -0.7009003343755369,
        -0.09348104429155851,
        -0.7071067922389239,
        -0.9407116947779511
      ],
      [
        0.0,
        0.0,
        0.0,
        1.0
      ]
    ],
    [
      [
        -0.1454562337960021,
        0.9893646870845363,
        -5.013542559536266e-10,
        -0.17248875098718405
      ],
      [
        0.6995864827982725,
        0.10285308943841706,
        -0.7071067777068152,
        1.946925201912302
      ],
      [
        -0.699586475809692,
        -0.10285308912760081,
        -0.7071067846662799,
        -1.1692972025217725
      ],
      [
        0.0,
        0.0,
        0.0,
        1.0
      ]
    ],
    [
      [
        -0.1531504170140009,
        0.9882028889698904,
        -2.8206749148630954e-09,
        -0.1906374875529178
      ],
      [
        0.6987649723859016,
        0.10829369769674907,
        -0.7071067729881356,
        2.1760157914558964
      ],
      [
        -0.6987649555715908,
        -0.10829369912754626,
        -0.707106789384959,
        -1.398387765319675
      ],
      [
        0.0,
        0.0,
        0.0,
        1.0
      ]
    ],
    [
      [
        -0.15500116433049574,
        0.9879142873023905,
        4.043790301630274e-09,
        -0.195389910257412
      ],
      [
        0.6985608925449248,
        0.10960237740388348,
        -0.7071067799662613,
        2.4058488812543626
      ],
      [
        -0.6985608910202664,
        -0.10960237137592438,
        -0.7071067824068337,
        -1.6282208914769416
      ],
      [
        0.0,
        0.0,
        0.0,
        1.0
      ]
    ],
    [
      [
        -0.151534488333939,
        0.9884519709350429,
        8.275606461733243e-09,
        -0.1844772523353122
      ],
      [
        0.6989410891415622,
        0.10715106983921462,
        -0.7071067827011125,
        2.636409007719252
      ],
      [
        -0.6989410939091919,
        -0.10715105872990954,
        -0.7071067796719823,
        -1.8587810355735708
      ],
      [
        0.0,
        0.0,
        0.0,
        1.0
      ]
    ],
    [
      [
        -0.14204557152840708,
        0.9898601192134007,
        5.975224521221386e-09,
        -0.15223351365273663
      ],
      [
        0.6999368029382986,
        0.1004413911647088,
        -0.7071067803616443,
        2.8676408072975708
      ],
      [
        -0.6999368025055412,
        -0.10044138256580208,
        -0.7071067820114504,
        -2.0900128188674003
      ],
      [
        0.0,
        0.0,
        0.0,
        1.0
      ]
    ],
    [
      [
        -0.12717423148106152,
        0.9918803934180781,
        -7.651914750341698e-12,
        -0.0966522460588744
      ],
      [
        0.7013653565869423,
        0.08992576201511662,
        -0.7071067768772067,
        3.099053057263402
      ],
      [
        -0.7013653480368649,
        -0.089925760929776,
        -0.7071067854958882,
        -2.3214250402951464
      ],
      [
        0.0,
        0.0,
        0.0,
        1.0
      ]
    ],
    [
      [
        -0.10577795082984488,
        0.9943897752482368,
        3.0304695520977057e-09,
        -0.010551152831699816
      ],
      [
        0.7031397560116309,
        0.0747963087836516,
        -0.7071067781518181,
        3.329963671364832
      ],
      [
        -0.703139750429559,
        -0.07479630387994939,
        -0.7071067842212769,
        -2.552335662231624
      ],
      [
        0.0,
        0.0,
        0.0,
        1.0
      ]
    ],
    [
      [
        -0.08873963252487259,
        0.9960548567319727,
        1.2224346403051367e-08,
        0.06260334814688331
      ],
      [
        0.7043171402318301,
        0.06274840429383936,
        -0.7071067838270493,
        3.5597342022727454
      ],
      [
        -0.7043171470261157,
        -0.06274838754284016,
        -0.7071067785460456,
        -2.7821062409393438
      ],
      [
        0.0,
        0.0,
        0.0,
        1.0
      ]
    ]
  ],
  "rotation_deg": 45.0,
  "max_xy_angle": 45.000003814697266
}