{
  "extrinsic": [
    [
      [
        -0.8660254115562508,
        -0.500000013461174,
        -0.0,
        -0.0
      ],
      [
        -0.0,
        -0.0,
        -1.0,
        -0.0
      ],
      [
        0.500000013461174,
        -0.866025411556251,
        -0.0,
        -0.0
      ],
      [
        0.0,
        0.0,
        0.0,
        1.0
      ]
    ],
    [
      [
        -0.809017000823685,
        -0.5877852434165473,
        5.297644153501077e-17,
        -0.0812842540794796
      ],
      [
        5.297644153501075e-17,
        -1.673570307829444e-16,
        -1.0000000000000002,
        -3.802755078579633e-18
      ],
      [
        0.5877852434165473,
        -0.8090170008236852,
        1.673570307829444e-16,
        0.004259969553329875
      ],
      [
        0.0,
        0.0,
        0.0,
        1.0
      ]
    ],
    [
      [
        -0.7837655241075298,
        -0.6210568437916527,
        1.641128805962005e-17,
        -0.11350176464621971
      ],
      [
        1.034267411367783e-16,
        -1.305231796157374e-16,
        -1.0,
        1.2168388376476536e-18
      ],
      [
        0.6210568437916527,
        -0.7837655241075296,
        1.994743403735896e-16,
        0.007306873247733227
      ],
      [
        0.0,
        0.0,
        0.0,
        1.0
      ]
    ],
    [
      [
        -0.757146663123849,
        -0.6532449238382343,
        -1.3311363713922227e-09,
        -0.14553747666530467
      ],
      [
        2.90656299186357e-09,
        -1.3311364098174908e-09,
        -1.0,
        2.2995390093624197e-10
      ],
      [
        0.6532449238382344,
        -0.7571466631238492,
        2.906563004533981e-09,
        0.012462717213044539
      ],
      [
        0.0,
        0.0,
        0.0,
        1.0
      ]
    ],
    [
      [
        -0.7292068590366914,
        -0.6842933265302554,
        -4.317914611030721e-09,
        -0.17730101148435878
      ],
      [
        9.973349509533586e-09,
        -4.317914728104957e-09,
        -0.9999999999999999,
        9.598548135545317e-10
      ],
      [
        0.6842933265302553,
        -0.7292068590366917,
        9.973349532889644e-09,
        0.019480334060801647
      ],
      [
        0.0,
        0.0,
        0.0,
        1.0
      ]
    ],
    [
      [
        -0.6999948594842906,
        -0.7141478815312471,
        -1.039082393305954e-08,
        -0.2087787728868186
      ],
      [
        2.5445056245023555e-08,
        -1.0390823658110712e-08,
        -0.9999999999999996,
        2.869684389678526e-09
      ],
      [
        0.7141478815312469,
        -0.6999948594842906,
        2.5445056228148157e-08,
        0.027522082437141705
      ],
      [
        0.0,
        0.0,
        0.0,
        1.0
      ]
    ],
    [
      [
        -0.6695616273484001,
        -0.7427565059846747,
        -1.1165818181045597e-08,
        -0.23987154782298717
      ],
      [
        3.3135410403928595e-08,
        -1.4837138429135637e-08,
        -0.9999999999999993,
        3.963091589152236e-09
      ],
      [
        0.742756505984674,
        -0.6695616273484001,
        3.454592017876968e-08,
        0.03718903661005671
      ],
      [
        0.0,
        0.0,
        0.0,
        1.0
      ]
    ],
    [
      [
        -0.6379602612712815,
        -0.7700692858689262,
        3.7826894231564805e-09,
        -0.27055208968473454
      ],
      [
        1.1833055366538008e-08,
        -1.4715180491772787e-08,
        -0.9999999999999997,
        -1.4694343796800049e-10
      ],
      [
        0.770069285868926,
        -0.6379602612712812,
        1.8499972948581945e-08,
        0.04737688535339773
      ],
      [
        0.0,
        0.0,
        0.0,
        1.0
      ]
    ],
    [
      [
        -0.605245886544152,
        -0.7960385774705789,
        1.5212125983958342e-08,
        -0.30076260396077953
      ],
      [
        -8.276114501871214e-09,
        -1.281727039082544e-08,
        -0.9999999999999998,
        -4.505947172386585e-09
      ],
      [
        0.7960385774705789,
        -0.6052458865441521,
        1.169493775558366e-09,
        0.05924908835137082
      ],
      [
        0.0,
        0.0,
        0.0,
        1.0
      ]
    ],
    [
      [
        -0.5714755773546405,
        -0.8206190739235711,
        2.2462711483460447e-08,
        -0.3304304108659447
      ],
      [
        -2.5508679646105073e-08,
        -9.608750693742328e-09,
        -0.9999999999999996,
        -8.550277088259822e-09
      ],
      [
        0.820619073923571,
        -0.571475577354641,
        -1.5441742773541703e-08,
        0.07304318630183132
      ],
      [
        0.0,
        0.0,
        0.0,
        1.0
      ]
    ],
    [
      [
        -0.5367082409950118,
        -0.8437678970238438,
        7.13688139350336e-09,
        -0.359558592151346
      ],
      [
        -1.6912258973244948e-08,
        2.2992903711530604e-09,
        -0.9999999999999997,
        -3.916287332232724e-09
      ],
      [
        0.8437678970238438,
        -0.5367082409950118,
        -1.5504069269990488e-08,
        0.08708425462474745
      ],
      [
        0.0,
        0.0,
        0.0,
        1.0
      ]
    ],
    [
      [
        -0.5010045432850219,
        -0.8654446531164004,
        -4.95443632096261e-09,
        -0.3880325973163444
      ],
      [
        -5.11574818065094e-09,
        8.686227778285032e-09,
        -1.0000000000000002,
        1.0221531230614958e-09
      ],
      [
        0.8654446531164006,
        -0.5010045432850218,
        -8.779236409598134e-09,
        0.1025521599548842
      ],
      [
        0.0,
        0.0,
        0.0,
        1.0
      ]
    ],
    [
      [
        -0.46442677409833794,
        -0.8856115240333148,
        -1.3402957627594786e-08,
        -0.4158314576955662
      ],
      [
        1.0230397860612477e-08,
        9.769167154236843e-09,
        -0.9999999999999996,
        6.113507313069442e-09
      ],
      [
        0.8856115240333149,
        -0.4644267740983381,
        4.523095424586179e-09,
        0.1194173073949699
      ],
      [
        0.0,
        0.0,
        0.0,
        1.0
      ]
    ],
    [
      [
        -0.42703874893754273,
        -0.9042333254784727,
        -1.6184073932969275e-08,
        -0.44292182192732643
      ],
      [
        2.549945805287467e-08,
        5.855587440966886e-09,
        -0.9999999999999994,
        9.99459292981943e-09
      ],
      [
        0.9042333254784725,
        -0.42703874893754296,
        2.0556897026773934e-08,
        0.13748735513984875
      ],
      [
        0.0,
        0.0,
        0.0,
        1.0
      ]
    ],
    [
      [
        -0.3889056990374302,
        -0.9212775679762354,
        -1.0420844808844534e-08,
        -0.4692041962479584
      ],
      [
        2.6420284853063106e-08,
        1.5830782568457555e-10,
        -0.9999999999999996,
        8.698160935739723e-09
      ],
      [
        0.9212775679762352,
        -0.3889056990374302,
        2.4278848949913185e-08,
        0.15687139181945217
      ],
      [
        0.0,
        0.0,
        0.0,
        1.0
      ]
    ],
    [
      [
        -0.3500941553180823,
        -0.936714514893475,
        9.769698665725954e-09,
        -0.49471086294071076
      ],
      [
        -1.3495997403116648e-09,
        -9.925341747408124e-09,
        -1.0,
        -4.442746957437138e-09
      ],
      [
        0.9367145148934749,
        -0.35009415531808236,
        2.2106144443039713e-09,
        0.17661564390104853
      ],
      [
        0.0,
        0.0,
        0.0,
        1.0
      ]
    ],
    [
      [
        -0.3106718277085918,
        -0.9505172357554612,
        1.2716257678656785e-08,
        -0.5193282243660624
      ],
      [
        -9.246999067455565e-09,
        -1.0355914849923458e-08,
        -1.0000000000000002,
        -7.70434775730288e-09
      ],
      [
        0.9505172357554614,
        -0.31067182770859203,
        -5.5721409791222795e-09,
        0.19748894499979475
      ],
      [
        0.0,
        0.0,
        0.0,
        1.0
      ]
    ],
    [
      [
        -0.2707074926778287,
        -0.9626616505336044,
        6.453963622974631e-09,
        -0.543037113128877
      ],
      [
        -6.453963776619318e-09,
        -4.88938894716846e-09,
        -1.0000000000000002,
        -4.580496890228433e-09
      ],
      [
        0.9626616505336044,
        -0.2707074926778288,
        -4.8893892210314235e-09,
        0.22001830751579488
      ],
      [
        0.0,
        0.0,
        0.0,
        1.0
      ]
    ],
    [
      [
        -0.23027087500150173,
        -0.9731265714828892,
        -1.71737689636832e-08,
        -0.5658295601128608
      ],
      [
        1.717376911440321e-08,
        1.3584204263680696e-08,
        -0.9999999999999998,
        1.3024626931172883e-08
      ],
      [
        0.9731265714828891,
        -0.2302708750015019,
        1.3584204470477929e-08,
        0.24345929159301483
      ],
      [
        0.0,
        0.0,
        0.0,
        1.0
      ]
    ],
    [
      [
        -0.1894325173027597,
        -0.9818937424122527,
        -2.2704877164890975e-08,
        -0.587589289051899
      ],
      [
        1.9980858275995313e-08,
        1.9268737590170157e-08,
        -0.9999999999999994,
        1.7610748231136382e-08
      ],
      [
        0.9818937424122526,
        -0.18943251730276014,
        1.5968954264156937e-08,
        0.2673691430685709
      ],
      [
        0.0,
        0.0,
        0.0,
        1.0
      ]
    ],
    [
      [
        -0.14826366798619706,
        -0.9889478675619247,
        -1.6028204704024648e-08,
        -0.6083613448872925
      ],
      [
        8.450192994003867e-09,
        1.4940472120488116e-08,
        -0.9999999999999998,
        1.1545687470052635e-08
      ],
      [
        0.9889478675619249,
        -0.14826366798619717,
        6.1416711880037635e-09,
        0.2922245899431431
      ],
      [
        0.0,
        0.0,
        0.0,
        1.0
      ]
    ]
  ],
  "intrinsic": [
    [
      [
        240.17770385742188,
        0.0,
        416.0
      ],
      [
        0.0,
        240.0,
        240.0
      ],
      [
        0.0,
        0.0,
        1.0
      ]
    ],
    [
      [
        240.17770385742188,
        0.0,
        416.0
      ],
      [
        0.0,
        240.0,
        240.0
      ],
      [
        0.0,
        0.0,
        1.0
      ]
    ],
    [
      [
        240.17770385742188,
        0.0,
        416.0
      ],
      [
        0.0,
        240.0,
        240.0
      ],
      [
        0.0,
        0.0,
        1.0
      ]
    ],
    [
      [
        240.17770385742188,
        0.0,
        416.0
      ],
      [
        0.0,
        240.0,
        240.0
      ],
      [
        0.0,
        0.0,
        1.0
      ]
    ],
    [
      [
        240.17770385742188,
        0.0,
        416.0
      ],
      [
        0.0,
        240.0,
        240.0
      ],
      [
        0.0,
        0.0,
        1.0
      ]
    ],
    [
      [
        240.17770385742188,
        0.0,
        416.0
      ],
      [
        0.0,
        240.0,
        240.0
      ],
      [
        0.0,
        0.0,
        1.0
      ]
    ],
    [
      [
        240.17770385742188,
        0.0,
        416.0
      ],
      [
        0.0,
        240.0,
        240.0
      ],
      [
        0.0,
        0.0,
        1.0
      ]
    ],
    [
      [
        240.17770385742188,
        0.0,
        416.0
      ],
      [
        0.0,
        240.0,
        240.0
      ],
      [
        0.0,
        0.0,
        1.0
      ]
    ],
    [
      [
        240.17770385742188,
        0.0,
        416.0
      ],
      [
        0.0,
        240.0,
        240.0
      ],
      [
        0.0,
        0.0,
        1.0
      ]
    ],
    [
      [
        240.17770385742188,
        0.0,
        416.0
      ],
      [
        0.0,
        240.0,
        240.0
      ],
      [
        0.0,
        0.0,
        1.0
      ]
    ],
    [
      [
        240.17770385742188,
        0.0,
        416.0
      ],
      [
        0.0,
        240.0,
        240.0
      ],
      [
        0.0,
        0.0,
        1.0
      ]
    ],
    [
      [
        240.17770385742188,
        0.0,
        416.0
      ],
      [
        0.0,
        240.0,
        240.0
      ],
      [
        0.0,
        0.0,
        1.0
      ]
    ],
    [
      [
        240.17770385742188,
        0.0,
        416.0
      ],
      [
        0.0,
        240.0,
        240.0
      ],
      [
        0.0,
        0.0,
        1.0
      ]
    ],
    [
      [
        240.17770385742188,
        0.0,
        416.0
      ],
      [
        0.0,
        240.0,
        240.0
      ],
      [
        0.0,
        0.0,
        1.0
      ]
    ],
    [
      [
        240.17770385742188,
        0.0,
        416.0
      ],
      [
        0.0,
        240.0,
        240.0
      ],
      [
        0.0,
        0.0,
        1.0
      ]
    ],
    [
      [
        240.17770385742188,
        0.0,
        416.0
      ],
      [
        0.0,
        240.0,
        240.0
      ],
      [
        0.0,
        0.0,
        1.0
      ]
    ],
    [
      [
        240.17770385742188,
        0.0,
        416.0
      ],
      [
        0.0,
        240.0,
        240.0
      ],
      [
        0.0,
        0.0,
        1.0
      ]
    ],
    [
      [
        240.17770385742188,
        0.0,
        416.0
      ],
      [
        0.0,
        240.0,
        240.0
      ],
      [
        0.0,
        0.0,
        1.0
      ]
    ],
    [
      [
        240.17770385742188,
        0.0,
        416.0
      ],
      [
        0.0,
        240.0,
        240.0
      ],
      [
        0.0,
        0.0,
        1.0
      ]
    ],
    [
      [
        240.17770385742188,
        0.0,
        416.0
      ],
      [
        0.0,
        240.0,
        240.0
      ],
      [
        0.0,
        0.0,
        1.0
      ]
    ],
    [
      [
        240.17770385742188,
        0.0,
        416.0
      ],
      [
        0.0,
        240.0,
        240.0
      ],
      [
        0.0,
        0.0,
        1.0
      ]
    ]
  ],
  "width": 832,
  "height": 480,
  "type": "right-rotation",
  "rotation_deg": 53.33333333333333
}