{
  "id": 7,
  "type": "exploration",
  "width": 832,
  "height": 480,
  "intrinsic": [
    [
      [
        240.17770385742188,
        0.0,
        416.0
      ],
      [
        0.0,
        240.0,
        240.0
      ],
      [
        0.0,
        0.0,
        1.0
      ]
    ],
    [
      [
        240.17770385742188,
        0.0,
        416.0
      ],
      [
        0.0,
        240.0,
        240.0
      ],
      [
        0.0,
        0.0,
        1.0
      ]
    ],
    [
      [
        240.17770385742188,
        0.0,
        416.0
      ],
      [
        0.0,
        240.0,
        240.0
      ],
      [
        0.0,
        0.0,
        1.0
      ]
    ],
    [
      [
        240.17770385742188,
        0.0,
        416.0
      ],
      [
        0.0,
        240.0,
        240.0
      ],
      [
        0.0,
        0.0,
        1.0
      ]
    ],
    [
      [
        240.17770385742188,
        0.0,
        416.0
      ],
      [
        0.0,
        240.0,
        240.0
      ],
      [
        0.0,
        0.0,
        1.0
      ]
    ],
    [
      [
        240.17770385742188,
        0.0,
        416.0
      ],
      [
        0.0,
        240.0,
        240.0
      ],
      [
        0.0,
        0.0,
        1.0
      ]
    ],
    [
      [
        240.17770385742188,
        0.0,
        416.0
      ],
      [
        0.0,
        240.0,
        240.0
      ],
      [
        0.0,
        0.0,
        1.0
      ]
    ],
    [
      [
        240.17770385742188,
        0.0,
        416.0
      ],
      [
        0.0,
        240.0,
        240.0
      ],
      [
        0.0,
        0.0,
        1.0
      ]
    ],
    [
      [
        240.17770385742188,
        0.0,
        416.0
      ],
      [
        0.0,
        240.0,
        240.0
      ],
      [
        0.0,
        0.0,
        1.0
      ]
    ],
    [
      [
        240.17770385742188,
        0.0,
        416.0
      ],
      [
        0.0,
        240.0,
        240.0
      ],
      [
        0.0,
        0.0,
        1.0
      ]
    ],
    [
      [
        240.17770385742188,
        0.0,
        416.0
      ],
      [
        0.0,
        240.0,
        240.0
      ],
      [
        0.0,
        0.0,
        1.0
      ]
    ],
    [
      [
        240.17770385742188,
        0.0,
        416.0
      ],
      [
        0.0,
        240.0,
        240.0
      ],
      [
        0.0,
        0.0,
        1.0
      ]
    ],
    [
      [
        240.17770385742188,
        0.0,
        416.0
      ],
      [
        0.0,
        240.0,
        240.0
      ],
      [
        0.0,
        0.0,
        1.0
      ]
    ],
    [
      [
        240.17770385742188,
        0.0,
        416.0
      ],
      [
        0.0,
        240.0,
        240.0
      ],
      [
        0.0,
        0.0,
        1.0
      ]
    ],
    [
      [
        240.17770385742188,
        0.0,
        416.0
      ],
      [
        0.0,
        240.0,
        240.0
      ],
      [
        0.0,
        0.0,
        1.0
      ]
    ],
    [
      [
        240.17770385742188,
        0.0,
        416.0
      ],
      [
        0.0,
        240.0,
        240.0
      ],
      [
        0.0,
        0.0,
        1.0
      ]
    ],
    [
      [
        240.17770385742188,
        0.0,
        416.0
      ],
      [
        0.0,
        240.0,
        240.0
      ],
      [
        0.0,
        0.0,
        1.0
      ]
    ],
    [
      [
        240.17770385742188,
        0.0,
        416.0
      ],
      [
        0.0,
        240.0,
        240.0
      ],
      [
        0.0,
        0.0,
        1.0
      ]
    ],
    [
      [
        240.17770385742188,
        0.0,
        416.0
      ],
      [
        0.0,
        240.0,
        240.0
      ],
      [
        0.0,
        0.0,
        1.0
      ]
    ],
    [
      [
        240.17770385742188,
        0.0,
        416.0
      ],
      [
        0.0,
        240.0,
        240.0
      ],
      [
        0.0,
        0.0,
        1.0
      ]
    ],
    [
      [
        240.17770385742188,
        0.0,
        416.0
      ],
      [
        0.0,
        240.0,
        240.0
      ],
      [
        0.0,
        0.0,
        1.0
      ]
    ]
  ],
  "extrinsic": [
    [
      [
        0.09855437635419954,
        0.9951316671181933,
        0.0,
        0.0
      ],
      [
        -0.0,
        -0.0,
        -1.0,
        -0.0
      ],
      [
        -0.9951316671181933,
        0.09855437635419954,
        -0.0,
        -0.0
      ],
      [
        0.0,
        0.0,
        0.0,
        1.0
      ]
    ],
    [
      [
        0.09855437635419956,
        0.9951316671181936,
        1.1037274438635478e-16,
        -4.4273750059084826e-18
      ],
      [
        0.05078031000747565,
        -0.005029105141787397,
        -0.9986971854456275,
        0.03968135244997506
      ],
      [
        -0.9938351950987546,
        0.09842597827828818,
        -0.05102873487538647,
        0.0010131089595168538
      ],
      [
        0.0,
        0.0,
        0.0,
        1.0
      ]
    ],
    [
      [
        0.09855437635419938,
        0.9951316671181931,
        1.3678487554428846e-21,
        -1.3515071611896674e-18
      ],
      [
        0.1279872766243073,
        -0.012675414365527238,
        -0.9916948073338666,
        0.10001361504686625
      ],
      [
        -0.9868669068946063,
        0.09773586327048722,
        -0.12861340951489003,
        0.0062057338015662515
      ],
      [
        0.0,
        0.0,
        0.0,
        1.0
      ]
    ],
    [
      [
        0.09855437635419934,
        0.9951316671181932,
        1.5263982577186022e-16,
        -2.79786805738947e-17
      ],
      [
        0.20441755872545284,
        -0.020244803458396982,
        -0.9786744145105953,
        0.15973771779976975
      ],
      [
        -0.9739099016778505,
        0.09645264657590291,
        -0.20541759998194686,
        0.016532866930424866
      ],
      [
        0.0,
        0.0,
        0.0,
        1.0
      ]
    ],
    [
      [
        0.09855437635419952,
        0.9951316671181931,
        8.308612717079412e-17,
        -1.7565747282041368e-17
      ],
      [
        0.27960738050054557,
        -0.027691341678497305,
        -0.959715011014034,
        0.2184949020370853
      ],
      [
        -0.9550427988687508,
        0.09458411438825187,
        -0.28097526160559433,
        0.03107974021678081
      ],
      [
        0.0,
        0.0,
        0.0,
        1.0
      ]
    ],
    [
      [
        0.09855437635419959,
        0.9951316671181933,
        -6.626942855187363e-17,
        1.9925895631004255e-17
      ],
      [
        0.35310043049253104,
        -0.03496983752749739,
        -0.934931653357233,
        0.2759227813884424
      ],
      [
        -0.9303800948469523,
        0.09214160603042279,
        -0.3548278505849143,
        0.0505035791767359
      ],
      [
        0.0,
        0.0,
        0.0,
        1.0
      ]
    ],
    [
      [
        0.09855437635419956,
        0.9951316671181935,
        8.100509182820072e-17,
        -2.6607405555878027e-17
      ],
      [
        0.42445069906679533,
        -0.04203611976370115,
        -0.9044747474069801,
        0.33168054879398173
      ],
      [
        -0.9000714632534149,
        0.08913994465881717,
        -0.4265271753394847,
        0.07404736453675016
      ],
      [
        0.0,
        0.0,
        0.0,
        1.0
      ]
    ],
    [
      [
        0.09721796241589291,
        0.9952631148513952,
        -2.922470760925923e-09,
        -0.00017987363345384533
      ],
      [
        0.4863066910040264,
        -0.04750276329242835,
        -0.872496011317128,
        0.3969686479469483
      ],
      [
        -0.8683630980577285,
        0.08482228301502792,
        -0.4886212339181567,
        0.06878944151951905
      ],
      [
        0.0,
        0.0,
        0.0,
        1.0
      ]
    ],
    [
      [
        0.07892998432540994,
        0.9968801620929119,
        -9.560326380890742e-09,
        -0.006701367218902925
      ],
      [
        0.4870968107480977,
        -0.03856687437528512,
        -0.8724960132630708,
        0.5613022385449458
      ],
      [
        -0.8697739674958214,
        0.06886609199403232,
        -0.4886212304434254,
        -0.2246493085359219
      ],
      [
        0.0,
        0.0,
        0.0,
        1.0
      ]
    ],
    [
      [
        0.05581326443992454,
        0.9984412248663208,
        -1.4081815548217753e-08,
        -0.02142913692177286
      ],
      [
        0.4878595741245454,
        -0.02727155793285256,
        -0.8724960160728142,
        0.7255120890294475
      ],
      [
        -0.8711359913627588,
        0.04869684399790413,
        -0.48862122542626774,
        -0.5178671127546668
      ],
      [
        0.0,
        0.0,
        0.0,
        1.0
      ]
    ],
    [
      [
        0.03561725706985651,
        0.9993655042069542,
        2.5880614821082913e-09,
        -0.04092857678208382
      ],
      [
        0.4883112103123057,
        -0.017403345999534442,
        -0.8724960088340529,
        0.8895737483869773
      ],
      [
        -0.8719424137419574,
        0.031075915902845763,
        -0.4886212383520064,
        -0.8108202638231398
      ],
      [
        0.0,
        0.0,
        0.0,
        1.0
      ]
    ],
    [
      [
        0.018194331443382557,
        0.9998344694514829,
        8.248126661812354e-10,
        -0.0636231194635234
      ],
      [
        0.4885403547461545,
        -0.008890136007163143,
        -0.8724960098855901,
        1.0534962956686247
      ],
      [
        -0.872351585135162,
        0.015874481989841507,
        -0.4886212364743517,
        -1.10352504241587
      ],
      [
        0.0,
        0.0,
        0.0,
        1.0
      ]
    ],
    [
      [
        0.0034703344360354224,
        0.9999939783713206,
        1.0269506105285507e-08,
        -0.08773138550349005
      ],
      [
        0.48861830316043947,
        -0.0016956701741279792,
        -0.8724960048729582,
        1.2173197812197127
      ],
      [
        -0.8724907510085792,
        0.003027857948882565,
        -0.4886212454250496,
        -1.3960528923126154
      ],
      [
        0.0,
        0.0,
        0.0,
        1.0
      ]
    ],
    [
      [
        -0.008571572276196848,
        0.999963263399568,
        -1.4392753937098703e-08,
        -0.11140840072516094
      ],
      [
        0.4886032989397724,
        0.004188239795322007,
        -0.8724960028060806,
        1.3811008394893052
      ],
      [
        -0.8724639502087667,
        -0.007478669581092218,
        -0.488621249115725,
        -1.688504988412235
      ],
      [
        0.0,
        0.0,
        0.0,
        1.0
      ]
    ],
    [
      [
        -0.018106786357372208,
        0.9998360587055299,
        -4.249386466737381e-09,
        -0.13340798041578233
      ],
      [
        0.4885411347914589,
        0.008847356693993511,
        -0.8724960079543074,
        1.544897347749155
      ],
      [
        -0.8723529697917478,
        -0.015798100889688832,
        -0.4886212399229049,
        -1.9809847489421644
      ],
      [
        0.0,
        0.0,
        0.0,
        1.0
      ]
    ],
    [
      [
        -0.025010007255655414,
        0.9996872008468806,
        -3.15355702084464e-09,
        -0.15153753287405605
      ],
      [
        0.48846839966959343,
        0.012220418004831694,
        -0.8724960079610756,
        1.7087830081659905
      ],
      [
        -0.8722230919101478,
        -0.02182113303004987,
        -0.4886212399108194,
        -2.273623653925641
      ],
      [
        0.0,
        0.0,
        0.0,
        1.0
      ]
    ],
    [
      [
        -0.029533853819301712,
        0.9995637805956056,
        -4.815738624581757e-09,
        -0.16496197635552676
      ],
      [
        0.48840809427731996,
        0.01443086408177204,
        -0.8724960077881443,
        1.8727993390705098
      ],
      [
        -0.8721154080297953,
        -0.025768171903985063,
        -0.4886212402196101,
        -2.566495884669902
      ],
      [
        0.0,
        0.0,
        0.0,
        1.0
      ]
    ],
    [
      [
        -0.03140024014473789,
        0.9995068908811248,
        1.4416283330427375e-08,
        -0.17101841648823657
      ],
      [
        0.4883802804422412,
        0.015342836358508333,
        -0.8724960166371155,
        2.037012120118419
      ],
      [
        -0.872065781116316,
        -0.027396577407104175,
        -0.4886212244186349,
        -2.859719041115926
      ],
      [
        0.0,
        0.0,
        0.0,
        1.0
      ]
    ],
    [
      [
        -0.030931973792418018,
        0.999521492013706,
        1.5091904751798313e-09,
        -0.16916086043803452
      ],
      [
        0.4883874258322098,
        0.01511402055269057,
        -0.872496010691006,
        2.2014172075565437
      ],
      [
        -0.8720785144046908,
        -0.02698802299961381,
        -0.48862123503617755,
        -3.1532853619304717
      ],
      [
        0.0,
        0.0,
        0.0,
        1.0
      ]
    ],
    [
      [
        -0.02768157831850561,
        0.9996167916865925,
        -8.93270137683784e-09,
        -0.15608089641889075
      ],
      [
        0.48843400076810956,
        0.01352579945073219,
        -0.8724960055168601,
        2.366041777451383
      ],
      [
        -0.8721616576733093,
        -0.0241520708723333,
        -0.48862124427528025,
        -3.447243594718148
      ],
      [
        0.0,
        0.0,
        0.0,
        1.0
      ]
    ],
    [
      [
        -0.02438202578120332,
        0.9997027142199847,
        -3.905712510137833e-09,
        -0.14193005573713482
      ],
      [
        0.4884759798698077,
        0.011913572262588499,
        -0.8724960079485607,
        2.5306480381605163
      ],
      [
        -0.8722366272457468,
        -0.02127322206764549,
        -0.48862123993316625,
        -3.7411692679725883
      ],
      [
        0.0,
        0.0,
        0.0,
        1.0
      ]
    ]
  ],
  "rotation_deg": 29.25,
  "max_xy_angle": 29.250001907348633
}