{"0000": {"intrinsic": [[240.17770385742188, 0.0, 416.0], [0.0, 240.0, 240.0], [0.0, 0.0, 1.0]], "extrinsic": [[0.0, 1.0, 0.0, -0.0], [0.0, 0.0, -1.0, -0.0], [-1.0, 0.0, 0.0, -0.0], [0.0, 0.0, 0.0, 1.0]]}, "0001": {"intrinsic": [[240.17770385742188, 0.0, 416.0], [0.0, 240.0, 240.0], [0.0, 0.0, 1.0]], "extrinsic": [[0.0, 1.0, 0.0, -0.0], [-0.4472135901451111, 0.0, -0.8944271802902222, -0.0], [-0.8944271802902222, 0.0, 0.4472135901451111, -0.0], [0.0, 0.0, 0.0, 1.0]]}, "0002": {"intrinsic": [[240.17770385742188, 0.0, 416.0], [0.0, 240.0, 240.0], [0.0, 0.0, 1.0]], "extrinsic": [[0.0, 1.0, 0.0, -0.0], [0.4472135901451111, 0.0, -0.8944271802902222, -0.0], [-0.8944271802902222, 0.0, -0.4472135901451111, -0.0], [0.0, 0.0, 0.0, 1.0]]}, "0003": {"intrinsic": [[240.17770385742188, 0.0, 416.0], [0.0, 240.0, 240.0], [0.0, 0.0, 1.0]], "extrinsic": [[0.6427876353263855, 0.7660444378852844, 0.0, -0.0], [0.0, 0.0, -1.0, -0.0], [-0.7660444378852844, 0.6427876353263855, 0.0, -0.0], [0.0, 0.0, 0.0, 1.0]]}, "0004": {"intrinsic": [[240.17770385742188, 0.0, 416.0], [0.0, 240.0, 240.0], [0.0, 0.0, 1.0]], "extrinsic": [[0.9848077297210693, 0.1736481785774231, 0.0, -0.0], [0.0, 0.0, -1.0, -0.0], [-0.1736481785774231, 0.9848077297210693, 0.0, -0.0], [0.0, 0.0, 0.0, 1.0]]}, "0005": {"intrinsic": [[240.17770385742188, 0.0, 416.0], [0.0, 240.0, 240.0], [0.0, 0.0, 1.0]], "extrinsic": [[0.8660253882408142, -0.5, 0.0, -0.0], [0.0, 0.0, -1.0, -0.0], [0.5, 0.8660253882408142, 0.0, -0.0], [0.0, 0.0, 0.0, 1.0]]}, "0006": {"intrinsic": [[240.17770385742188, 0.0, 416.0], [0.0, 240.0, 240.0], [0.0, 0.0, 1.0]], "extrinsic": [[0.3420201539993286, -0.9396926164627075, 0.0, -0.0], [0.0, 0.0, -1.0, -0.0], [0.9396926164627075, 0.3420201539993286, 0.0, -0.0], [0.0, 0.0, 0.0, 1.0]]}, "0007": {"intrinsic": [[240.17770385742188, 0.0, 416.0], [0.0, 240.0, 240.0], [0.0, 0.0, 1.0]], "extrinsic": [[-0.3420201539993286, -0.9396926164627075, -0.0, -0.0], [0.0, 0.0, -1.0, -0.0], [0.9396926164627075, -0.3420201539993286, 0.0, -0.0], [0.0, 0.0, 0.0, 1.0]]}, "0008": {"intrinsic": [[240.17770385742188, 0.0, 416.0], [0.0, 240.0, 240.0], [0.0, 0.0, 1.0]], "extrinsic": [[-0.8660253882408142, -0.5, -0.0, -0.0], [0.0, 0.0, -1.0, -0.0], [0.5, -0.8660253882408142, 0.0, -0.0], [0.0, 0.0, 0.0, 1.0]]}, "0009": {"intrinsic": [[240.17770385742188, 0.0, 416.0], [0.0, 240.0, 240.0], [0.0, 0.0, 1.0]], "extrinsic": [[-0.9848077297210693, 0.1736481785774231, 0.0, -0.0], [-0.0, 0.0, -1.0, -0.0], [-0.1736481785774231, -0.9848077297210693, 0.0, -0.0], [0.0, 0.0, 0.0, 1.0]]}, "0010": {"intrinsic": [[240.17770385742188, 0.0, 416.0], [0.0, 240.0, 240.0], [0.0, 0.0, 1.0]], "extrinsic": [[-0.6427876353263855, 0.7660444378852844, 0.0, -0.0], [-0.0, 0.0, -1.0, -0.0], [-0.7660444378852844, -0.6427876353263855, 0.0, -0.0], [0.0, 0.0, 0.0, 1.0]]}, "0011": {"intrinsic": [[240.17770385742188, 0.0, 416.0], [0.0, 240.0, 240.0], [0.0, 0.0, 1.0]], "extrinsic": [[0.6427876353263855, 0.7660444378852844, 0.0, -0.0], [-0.3425855040550232, 0.28746336698532104, -0.8944271802902222, -0.0], [-0.6851710081100464, 0.5749267339706421, 0.4472135901451111, -0.0], [0.0, 0.0, 0.0, 1.0]]}, "0012": {"intrinsic": [[240.17770385742188, 0.0, 416.0], [0.0, 240.0, 240.0], [0.0, 0.0, 1.0]], "extrinsic": [[0.9848077297210693, 0.1736481785774231, 0.0, -0.0], [-0.07765782624483109, 0.44041940569877625, -0.8944271802902222, -0.0], [-0.15531565248966217, 0.8808388113975525, 0.4472135901451111, -0.0], [0.0, 0.0, 0.0, 1.0]]}, "0013": {"intrinsic": [[240.17770385742188, 0.0, 416.0], [0.0, 240.0, 240.0], [0.0, 0.0, 1.0]], "extrinsic": [[0.8660253882408142, -0.5, 0.0, -0.0], [0.22360679507255554, 0.3872983455657959, -0.8944271802902222, -0.0], [0.4472135901451111, 0.7745966911315918, 0.4472135901451111, -0.0], [0.0, 0.0, 0.0, 1.0]]}, "0014": {"intrinsic": [[240.17770385742188, 0.0, 416.0], [0.0, 240.0, 240.0], [0.0, 0.0, 1.0]], "extrinsic": [[0.3420201539993286, -0.9396926164627075, 0.0, -0.0], [0.4202433228492737, 0.1529560536146164, -0.8944271802902222, -0.0], [0.8404866456985474, 0.3059121072292328, 0.4472135901451111, -0.0], [0.0, 0.0, 0.0, 1.0]]}, "0015": {"intrinsic": [[240.17770385742188, 0.0, 416.0], [0.0, 240.0, 240.0], [0.0, 0.0, 1.0]], "extrinsic": [[-0.3420201539993286, -0.9396926164627075, -0.0, -0.0], [0.4202433228492737, -0.1529560536146164, -0.8944271802902222, -0.0], [0.8404866456985474, -0.3059121072292328, 0.4472135901451111, -0.0], [0.0, 0.0, 0.0, 1.0]]}, "0016": {"intrinsic": [[240.17770385742188, 0.0, 416.0], [0.0, 240.0, 240.0], [0.0, 0.0, 1.0]], "extrinsic": [[-0.8660253882408142, -0.5, -0.0, -0.0], [0.22360679507255554, -0.3872983455657959, -0.8944271802902222, -0.0], [0.4472135901451111, -0.7745966911315918, 0.4472135901451111, -0.0], [0.0, 0.0, 0.0, 1.0]]}, "0017": {"intrinsic": [[240.17770385742188, 0.0, 416.0], [0.0, 240.0, 240.0], [0.0, 0.0, 1.0]], "extrinsic": [[-0.9848077297210693, 0.1736481785774231, 0.0, -0.0], [-0.07765782624483109, -0.44041940569877625, -0.8944271802902222, -0.0], [-0.15531565248966217, -0.8808388113975525, 0.4472135901451111, -0.0], [0.0, 0.0, 0.0, 1.0]]}, "0018": {"intrinsic": [[240.17770385742188, 0.0, 416.0], [0.0, 240.0, 240.0], [0.0, 0.0, 1.0]], "extrinsic": [[-0.6427876353263855, 0.7660444378852844, 0.0, -0.0], [-0.3425855040550232, -0.28746336698532104, -0.8944271802902222, -0.0], [-0.6851710081100464, -0.5749267339706421, 0.4472135901451111, -0.0], [0.0, 0.0, 0.0, 1.0]]}, "0019": {"intrinsic": [[240.17770385742188, 0.0, 416.0], [0.0, 240.0, 240.0], [0.0, 0.0, 1.0]], "extrinsic": [[0.6427876353263855, 0.7660444378852844, 0.0, -0.0], [0.3425855040550232, -0.28746336698532104, -0.8944271802902222, -0.0], [-0.6851710081100464, 0.5749267339706421, -0.4472135901451111, -0.0], [0.0, 0.0, 0.0, 1.0]]}, "0020": {"intrinsic": [[240.17770385742188, 0.0, 416.0], [0.0, 240.0, 240.0], [0.0, 0.0, 1.0]], "extrinsic": [[0.9848077297210693, 0.1736481785774231, 0.0, -0.0], [0.07765782624483109, -0.44041940569877625, -0.8944271802902222, -0.0], [-0.15531565248966217, 0.8808388113975525, -0.4472135901451111, -0.0], [0.0, 0.0, 0.0, 1.0]]}, "0021": {"intrinsic": [[240.17770385742188, 0.0, 416.0], [0.0, 240.0, 240.0], [0.0, 0.0, 1.0]], "extrinsic": [[0.8660253882408142, -0.5, 0.0, -0.0], [-0.22360679507255554, -0.3872983455657959, -0.8944271802902222, -0.0], [0.4472135901451111, 0.7745966911315918, -0.4472135901451111, -0.0], [0.0, 0.0, 0.0, 1.0]]}, "0022": {"intrinsic": [[240.17770385742188, 0.0, 416.0], [0.0, 240.0, 240.0], [0.0, 0.0, 1.0]], "extrinsic": [[0.3420201539993286, -0.9396926164627075, 0.0, -0.0], [-0.4202433228492737, -0.1529560536146164, -0.8944271802902222, -0.0], [0.8404866456985474, 0.3059121072292328, -0.4472135901451111, -0.0], [0.0, 0.0, 0.0, 1.0]]}, "0023": {"intrinsic": [[240.17770385742188, 0.0, 416.0], [0.0, 240.0, 240.0], [0.0, 0.0, 1.0]], "extrinsic": [[-0.3420201539993286, -0.9396926164627075, -0.0, -0.0], [-0.4202433228492737, 0.1529560536146164, -0.8944271802902222, -0.0], [0.8404866456985474, -0.3059121072292328, -0.4472135901451111, -0.0], [0.0, 0.0, 0.0, 1.0]]}, "0024": {"intrinsic": [[240.17770385742188, 0.0, 416.0], [0.0, 240.0, 240.0], [0.0, 0.0, 1.0]], "extrinsic": [[-0.8660253882408142, -0.5, -0.0, -0.0], [-0.22360679507255554, 0.3872983455657959, -0.8944271802902222, -0.0], [0.4472135901451111, -0.7745966911315918, -0.4472135901451111, -0.0], [0.0, 0.0, 0.0, 1.0]]}, "0025": {"intrinsic": [[240.17770385742188, 0.0, 416.0], [0.0, 240.0, 240.0], [0.0, 0.0, 1.0]], "extrinsic": [[-0.9848077297210693, 0.1736481785774231, 0.0, -0.0], [0.07765782624483109, 0.44041940569877625, -0.8944271802902222, -0.0], [-0.15531565248966217, -0.8808388113975525, -0.4472135901451111, -0.0], [0.0, 0.0, 0.0, 1.0]]}, "0026": {"intrinsic": [[240.17770385742188, 0.0, 416.0], [0.0, 240.0, 240.0], [0.0, 0.0, 1.0]], "extrinsic": [[-0.6427876353263855, 0.7660444378852844, 0.0, -0.0], [0.3425855040550232, 0.28746336698532104, -0.8944271802902222, -0.0], [-0.6851710081100464, -0.5749267339706421, -0.4472135901451111, -0.0], [0.0, 0.0, 0.0, 1.0]]}}