{
  "id": 3,
  "type": "surround",
  "width": 832,
  "height": 480,
  "intrinsic": [
    [
      [
        240.17770385742188,
        0.0,
        416.0
      ],
      [
        0.0,
        240.0,
        240.0
      ],
      [
        0.0,
        0.0,
        1.0
      ]
    ],
    [
      [
        240.17770385742188,
        0.0,
        416.0
      ],
      [
        0.0,
        240.0,
        240.0
      ],
      [
        0.0,
        0.0,
        1.0
      ]
    ],
    [
      [
        240.17770385742188,
        0.0,
        416.0
      ],
      [
        0.0,
        240.0,
        240.0
      ],
      [
        0.0,
        0.0,
        1.0
      ]
    ],
    [
      [
        240.17770385742188,
        0.0,
        416.0
      ],
      [
        0.0,
        240.0,
        240.0
      ],
      [
        0.0,
        0.0,
        1.0
      ]
    ],
    [
      [
        240.17770385742188,
        0.0,
        416.0
      ],
      [
        0.0,
        240.0,
        240.0
      ],
      [
        0.0,
        0.0,
        1.0
      ]
    ],
    [
      [
        240.17770385742188,
        0.0,
        416.0
      ],
      [
        0.0,
        240.0,
        240.0
      ],
      [
        0.0,
        0.0,
        1.0
      ]
    ],
    [
      [
        240.17770385742188,
        0.0,
        416.0
      ],
      [
        0.0,
        240.0,
        240.0
      ],
      [
        0.0,
        0.0,
        1.0
      ]
    ],
    [
      [
        240.17770385742188,
        0.0,
        416.0
      ],
      [
        0.0,
        240.0,
        240.0
      ],
      [
        0.0,
        0.0,
        1.0
      ]
    ],
    [
      [
        240.17770385742188,
        0.0,
        416.0
      ],
      [
        0.0,
        240.0,
        240.0
      ],
      [
        0.0,
        0.0,
        1.0
      ]
    ],
    [
      [
        240.17770385742188,
        0.0,
        416.0
      ],
      [
        0.0,
        240.0,
        240.0
      ],
      [
        0.0,
        0.0,
        1.0
      ]
    ],
    [
      [
        240.17770385742188,
        0.0,
        416.0
      ],
      [
        0.0,
        240.0,
        240.0
      ],
      [
        0.0,
        0.0,
        1.0
      ]
    ],
    [
      [
        240.17770385742188,
        0.0,
        416.0
      ],
      [
        0.0,
        240.0,
        240.0
      ],
      [
        0.0,
        0.0,
        1.0
      ]
    ],
    [
      [
        240.17770385742188,
        0.0,
        416.0
      ],
      [
        0.0,
        240.0,
        240.0
      ],
      [
        0.0,
        0.0,
        1.0
      ]
    ],
    [
      [
        240.17770385742188,
        0.0,
        416.0
      ],
      [
        0.0,
        240.0,
        240.0
      ],
      [
        0.0,
        0.0,
        1.0
      ]
    ],
    [
      [
        240.17770385742188,
        0.0,
        416.0
      ],
      [
        0.0,
        240.0,
        240.0
      ],
      [
        0.0,
        0.0,
        1.0
      ]
    ],
    [
      [
        240.17770385742188,
        0.0,
        416.0
      ],
      [
        0.0,
        240.0,
        240.0
      ],
      [
        0.0,
        0.0,
        1.0
      ]
    ],
    [
      [
        240.17770385742188,
        0.0,
        416.0
      ],
      [
        0.0,
        240.0,
        240.0
      ],
      [
        0.0,
        0.0,
        1.0
      ]
    ],
    [
      [
        240.17770385742188,
        0.0,
        416.0
      ],
      [
        0.0,
        240.0,
        240.0
      ],
      [
        0.0,
        0.0,
        1.0
      ]
    ],
    [
      [
        240.17770385742188,
        0.0,
        416.0
      ],
      [
        0.0,
        240.0,
        240.0
      ],
      [
        0.0,
        0.0,
        1.0
      ]
    ],
    [
      [
        240.17770385742188,
        0.0,
        416.0
      ],
      [
        0.0,
        240.0,
        240.0
      ],
      [
        0.0,
        0.0,
        1.0
      ]
    ],
    [
      [
        240.17770385742188,
        0.0,
        416.0
      ],
      [
        0.0,
        240.0,
        240.0
      ],
      [
        0.0,
        0.0,
        1.0
      ]
    ]
  ],
  "extrinsic": [
    [
      [
        -0.053153080259219755,
        -0.9985863758628779,
        -5.787176954742268e-19,
        -0.0
      ],
      [
        0.23073150283260482,
        -0.012281451444592806,
        -0.9729399465285724,
        -0.0
      ],
      [
        0.9715645751361895,
        -0.0517147550652342,
        0.23105813218534038,
        0.0
      ],
      [
        0.0,
        0.0,
        0.0,
        1.0
      ]
    ],
    [
      [
        -0.061434835337633595,
        -0.9981110965253507,
        3.674302325574485e-18,
        0.023031965397671664
      ],
      [
        0.24361178331468636,
        -0.014994573095465941,
        -0.9697569086157225,
        -0.03821082355135216
      ],
      [
        0.967925131421473,
        -0.0595768559983395,
        0.24407281329979577,
        -0.15182030977495647
      ],
      [
        0.0,
        0.0,
        0.0,
        1.0
      ]
    ],
    [
      [
        -0.06594169499922477,
        -0.9978234778058839,
        -2.5752536518351642e-18,
        0.03557003849761493
      ],
      [
        0.25813944741090367,
        -0.01705928261566693,
        -0.9659570417813786,
        -0.08130017912779992
      ],
      [
        0.9638546148413787,
        -0.06369684463150108,
        0.25870251918558484,
        -0.3035628751270455
      ],
      [
        0.0,
        0.0,
        0.0,
        1.0
      ]
    ],
    [
      [
        -0.06681888995201321,
        -0.997765120629891,
        1.5875106919897224e-18,
        0.03801074351915137
      ],
      [
        0.2745530800748685,
        -0.018386423482039005,
        -0.9613961439765308,
        -0.13001148823461658
      ],
      [
        0.9592475395678551,
        -0.06423942314465765,
        0.2751680474674667,
        -0.4542407616428954
      ],
      [
        0.0,
        0.0,
        0.0,
        1.0
      ]
    ],
    [
      [
        -0.06414127619242602,
        -0.9979408282500557,
        -1.6536551887127474e-18,
        0.03056091579542647
      ],
      [
        0.2931516651167683,
        -0.01884192066928109,
        -0.9558802661760303,
        -0.18528180593877636
      ],
      [
        0.9539119445355914,
        -0.06131138015968645,
        0.29375656032715486,
        -0.6029047377906724
      ],
      [
        0.0,
        0.0,
        0.0,
        1.0
      ]
    ],
    [
      [
        -0.057891734113532003,
        -0.998322867173405,
        -1.2602087584621418e-18,
        0.013177182758606092
      ],
      [
        0.31430638293406715,
        -0.01822630949296332,
        -0.9491466163292002,
        -0.24828410137567658
      ],
      [
        0.9475547713817031,
        -0.054947743547288645,
        0.3148344020446777,
        -0.7485141813556249
      ],
      [
        0.0,
        0.0,
        0.0,
        1.0
      ]
    ],
    [
      [
        -0.04795005036698878,
        -0.9988497347798635,
        -5.323680150123522e-19,
        -0.01446468010644907
      ],
      [
        0.3384745626151279,
        -0.016248562481639733,
        -0.9408352431110231,
        -0.32048074951490974
      ],
      [
        0.9397530330529937,
        -0.0451130972942117,
        0.3388643464872366,
        -0.8897943587394191
      ],
      [
        0.0,
        0.0,
        0.0,
        1.0
      ]
    ],
    [
      [
        -0.03408328129349926,
        -0.999418996185418,
        1.4894324236255674e-18,
        -0.0529954102826796
      ],
      [
        0.36621546575532293,
        -0.012489080937033563,
        -0.9304462668520737,
        -0.4036900322749831
      ],
      [
        0.9299056740217687,
        -0.031712661841605504,
        0.36642836203143436,
        -1.0250622561346083
      ],
      [
        0.0,
        0.0,
        0.0,
        1.0
      ]
    ],
    [
      [
        -0.015938249581696273,
        -0.9998729780328457,
        2.7967754235925145e-19,
        -0.10337095052315026
      ],
      [
        0.3982057334673044,
        -0.0063475086378980364,
        -0.9172741700101764,
        -0.5001645922759465
      ],
      [
        0.9171576560406817,
        -0.014619744656465487,
        0.39825632076860007,
        -1.1519919140592068
      ],
      [
        0.0,
        0.0,
        0.0,
        1.0
      ]
    ],
    [
      [
        0.006961335469091579,
        -0.9999757696106875,
        3.569631308660894e-19,
        -0.1668770389819459
      ],
      [
        0.4352488795369639,
        0.0030299868807647672,
        -0.9003050772051217,
        -0.6126747527067984
      ],
      [
        0.9002832624626009,
        0.006267325666951246,
        0.43525942604230883,
        -1.2672768411997721
      ],
      [
        0.0,
        0.0,
        0.0,
        1.0
      ]
    ],
    [
      [
        0.035197889400827485,
        -0.9993803623154335,
        1.6666253070860406e-18,
        -0.24507725756511775
      ],
      [
        0.47826638142557104,
        0.016844404625431228,
        -0.8780532640056096,
        -0.7445777919230804
      ],
      [
        0.8775091891141752,
        0.03090562167450503,
        0.4785629170434072,
        -1.3661295876062427
      ],
      [
        0.0,
        0.0,
        0.0,
        1.0
      ]
    ],
    [
      [
        0.06937732996168888,
        -0.997590490174895,
        -3.920802741197015e-18,
        -0.33957832254570997
      ],
      [
        0.5282459325480007,
        0.036736810068104815,
        -0.8482963170570252,
        -0.8998353878653296
      ],
      [
        0.8462523387464757,
        0.058852533493750685,
        0.5295218205772892,
        -1.4415403026291778
      ],
      [
        0.0,
        0.0,
        0.0,
        1.0
      ]
    ],
    [
      [
        0.10984221025080687,
        -0.9939490373491074,
        -1.0942674672636463e-17,
        -0.45123301260304827
      ],
      [
        0.5861077372006694,
        0.0647712980042944,
        -0.8076400184168377,
        -1.0829323295864137
      ],
      [
        0.8027530188300313,
        0.08871296470990782,
        0.5896758437070744,
        -1.4832208169033176
      ],
      [
        0.0,
        0.0,
        0.0,
        1.0
      ]
    ],
    [
      [
        0.15572126314186582,
        -0.9878010367505705,
        4.431907728263835e-18,
        -0.5775290105381768
      ],
      [
        0.65246631584051,
        0.10285763537405511,
        -0.7508049104386372,
        -1.2987717321796188
      ],
      [
        0.741645868928705,
        0.11691628902662,
        0.6605240241363143,
        -1.4762887622965752
      ],
      [
        0.0,
        0.0,
        0.0,
        1.0
      ]
    ],
    [
      [
        0.20159031530858915,
        -0.9794699305102651,
        -6.146417474367043e-18,
        -0.7034750984654441
      ],
      [
        0.727508356397629,
        0.14973266088876064,
        -0.6695608423696772,
        -1.5534843892853316
      ],
      [
        0.6558147117482224,
        0.13497698133158775,
        0.7427572136069821,
        -1.4003934222958752
      ],
      [
        0.0,
        0.0,
        0.0,
        1.0
      ]
    ],
    [
      [
        0.22398672808590095,
        -0.9745921945313192,
        -7.673996320804731e-18,
        -0.7648510767699686
      ],
      [
        0.8124718942153464,
        0.18672725091397344,
        -0.5522882896424994,
        -1.8609196805477293
      ],
      [
        0.5382558562166323,
        0.1237052469571818,
        0.8336531923550482,
        -1.2328437735941071
      ],
      [
        0.0,
        0.0,
        0.0,
        1.0
      ]
    ],
    [
      [
        0.11919582811557852,
        -0.9928707642789376,
        -7.529570559649163e-18,
        -0.47700752982512207
      ],
      [
        0.9119359829500798,
        0.10947946962167868,
        -0.3954579734083357,
        -2.25150222949936
      ],
      [
        0.39263866029813393,
        0.04713694062531498,
        0.91848407240832,
        -0.9693956983571319
      ],
      [
        0.0,
        0.0,
        0.0,
        1.0
      ]
    ],
    [
      [
        -0.4214690495153736,
        -0.9068427869816288,
        3.4180736723433015e-18,
        1.0347247774349115
      ],
      [
        0.8702868469015087,
        -0.4044791174776595,
        -0.28106484596036496,
        -2.287304736843541
      ],
      [
        0.2548816282332595,
        -0.11846013347909991,
        0.9596887789097442,
        -0.669884828971001
      ],
      [
        0.0,
        0.0,
        0.0,
        1.0
      ]
    ],
    [
      [
        -0.8885729010868163,
        -0.4587354351411703,
        -5.5347362063378464e-17,
        2.3959388838438915
      ],
      [
        0.42743823235885947,
        -0.8279500580670219,
        -0.3630361674334236,
        -1.0679175385093314
      ],
      [
        0.16653755423955427,
        -0.32258410049575637,
        0.9317750485687257,
        -0.4160797081987624
      ],
      [
        0.0,
        0.0,
        0.0,
        1.0
      ]
    ],
    [
      [
        -0.9695416298954287,
        -0.24492657654839278,
        2.401389428602633e-18,
        2.6519849758361107
      ],
      [
        0.20981669450497173,
        -0.8305591938465217,
        -0.5158957067315286,
        -0.36413757876856456
      ],
      [
        0.12635656930576697,
        -0.5001823643605403,
        0.8566513992143926,
        -0.2192922508719345
      ],
      [
        0.0,
        0.0,
        0.0,
        1.0
      ]
    ],
    [
      [
        -0.9836712049846359,
        -0.17997488848190654,
        2.5729749513267327e-17,
        2.700745899599596
      ],
      [
        0.13797998081469234,
        -0.7541437315872567,
        -0.6420504318213831,
        -0.07050372452693932
      ],
      [
        0.11555295486681337,
        -0.6315665219306458,
        0.7666624048419063,
        -0.05904417184363142
      ],
      [
        0.0,
        0.0,
        0.0,
        1.0
      ]
    ]
  ]
}