{
  "id": 3,
  "type": "surround",
  "width": 832,
  "height": 480,
  "intrinsic": [
    [
      [
        240.17770385742188,
        0.0,
        416.0
      ],
      [
        0.0,
        240.0,
        240.0
      ],
      [
        0.0,
        0.0,
        1.0
      ]
    ],
    [
      [
        240.17770385742188,
        0.0,
        416.0
      ],
      [
        0.0,
        240.0,
        240.0
      ],
      [
        0.0,
        0.0,
        1.0
      ]
    ],
    [
      [
        240.17770385742188,
        0.0,
        416.0
      ],
      [
        0.0,
        240.0,
        240.0
      ],
      [
        0.0,
        0.0,
        1.0
      ]
    ],
    [
      [
        240.17770385742188,
        0.0,
        416.0
      ],
      [
        0.0,
        240.0,
        240.0
      ],
      [
        0.0,
        0.0,
        1.0
      ]
    ],
    [
      [
        240.17770385742188,
        0.0,
        416.0
      ],
      [
        0.0,
        240.0,
        240.0
      ],
      [
        0.0,
        0.0,
        1.0
      ]
    ],
    [
      [
        240.17770385742188,
        0.0,
        416.0
      ],
      [
        0.0,
        240.0,
        240.0
      ],
      [
        0.0,
        0.0,
        1.0
      ]
    ],
    [
      [
        240.17770385742188,
        0.0,
        416.0
      ],
      [
        0.0,
        240.0,
        240.0
      ],
      [
        0.0,
        0.0,
        1.0
      ]
    ],
    [
      [
        240.17770385742188,
        0.0,
        416.0
      ],
      [
        0.0,
        240.0,
        240.0
      ],
      [
        0.0,
        0.0,
        1.0
      ]
    ],
    [
      [
        240.17770385742188,
        0.0,
        416.0
      ],
      [
        0.0,
        240.0,
        240.0
      ],
      [
        0.0,
        0.0,
        1.0
      ]
    ],
    [
      [
        240.17770385742188,
        0.0,
        416.0
      ],
      [
        0.0,
        240.0,
        240.0
      ],
      [
        0.0,
        0.0,
        1.0
      ]
    ],
    [
      [
        240.17770385742188,
        0.0,
        416.0
      ],
      [
        0.0,
        240.0,
        240.0
      ],
      [
        0.0,
        0.0,
        1.0
      ]
    ],
    [
      [
        240.17770385742188,
        0.0,
        416.0
      ],
      [
        0.0,
        240.0,
        240.0
      ],
      [
        0.0,
        0.0,
        1.0
      ]
    ],
    [
      [
        240.17770385742188,
        0.0,
        416.0
      ],
      [
        0.0,
        240.0,
        240.0
      ],
      [
        0.0,
        0.0,
        1.0
      ]
    ],
    [
      [
        240.17770385742188,
        0.0,
        416.0
      ],
      [
        0.0,
        240.0,
        240.0
      ],
      [
        0.0,
        0.0,
        1.0
      ]
    ],
    [
      [
        240.17770385742188,
        0.0,
        416.0
      ],
      [
        0.0,
        240.0,
        240.0
      ],
      [
        0.0,
        0.0,
        1.0
      ]
    ],
    [
      [
        240.17770385742188,
        0.0,
        416.0
      ],
      [
        0.0,
        240.0,
        240.0
      ],
      [
        0.0,
        0.0,
        1.0
      ]
    ],
    [
      [
        240.17770385742188,
        0.0,
        416.0
      ],
      [
        0.0,
        240.0,
        240.0
      ],
      [
        0.0,
        0.0,
        1.0
      ]
    ],
    [
      [
        240.17770385742188,
        0.0,
        416.0
      ],
      [
        0.0,
        240.0,
        240.0
      ],
      [
        0.0,
        0.0,
        1.0
      ]
    ],
    [
      [
        240.17770385742188,
        0.0,
        416.0
      ],
      [
        0.0,
        240.0,
        240.0
      ],
      [
        0.0,
        0.0,
        1.0
      ]
    ],
    [
      [
        240.17770385742188,
        0.0,
        416.0
      ],
      [
        0.0,
        240.0,
        240.0
      ],
      [
        0.0,
        0.0,
        1.0
      ]
    ],
    [
      [
        240.17770385742188,
        0.0,
        416.0
      ],
      [
        0.0,
        240.0,
        240.0
      ],
      [
        0.0,
        0.0,
        1.0
      ]
    ]
  ],
  "extrinsic": [
    [
      [
        -0.3545459901852098,
        -0.9350385771953951,
        3.4386560193595316e-17,
        -0.0
      ],
      [
        -0.18766586811445285,
        0.07115875500471631,
        -0.9796519553040393,
        -0.0
      ],
      [
        0.9160123704341758,
        -0.3473316725301474,
        -0.20070387756337066,
        0.0
      ],
      [
        0.0,
        0.0,
        0.0,
        1.0
      ]
    ],
    [
      [
        -0.35454599018520977,
        -0.9350385771953953,
        1.3367669679271477e-16,
        -3.2195070363646682e-18
      ],
      [
        -0.21795308556274248,
        0.0826429993578929,
        -0.9724538997560815,
        0.025799352355617068
      ],
      [
        0.9092819108160402,
        -0.34477963079848867,
        -0.23309528705915267,
        0.00042809984752043435
      ],
      [
        0.0,
        0.0,
        0.0,
        1.0
      ]
    ],
    [
      [
        -0.35454599018520966,
        -0.9350385771953951,
        3.0533812413586455e-16,
        -1.86779940756955e-17
      ],
      [
        -0.26370708852927216,
        0.0999919073947805,
        -0.9594061652475284,
        0.06511300598431737
      ],
      [
        0.8970817757055393,
        -0.34015360884748,
        -0.2820280306725409,
        0.002624098491746114
      ],
      [
        0.0,
        0.0,
        0.0,
        1.0
      ]
    ],
    [
      [
        -0.35454599018520977,
        -0.9350385771953953,
        1.5478223862411433e-16,
        -1.8553845245096728e-17
      ],
      [
        -0.3087847412145232,
        0.11708435833349465,
        -0.9438978952337554,
        0.10425932717348478
      ],
      [
        0.882580944977099,
        -0.3346552138993873,
        -0.3302374348454249,
        0.00699961083350442
      ],
      [
        0.0,
        0.0,
        0.0,
        1.0
      ]
    ],
    [
      [
        -0.3545459901852097,
        -0.9350385771953953,
        2.371545126477346e-16,
        -3.306455215217915e-17
      ],
      [
        -0.3530705212589191,
        0.13387654864510745,
        -0.9259688314089355,
        0.14313892742338655
      ],
      [
        0.865816578647894,
        -0.3282985362125225,
        -0.3775999513495343,
        0.013183019953510743
      ],
      [
        0.0,
        0.0,
        0.0,
        1.0
      ]
    ],
    [
      [
        -0.3545459901852097,
        -0.9350385771953951,
        4.907513367025428e-17,
        -1.3725279562038064e-17
      ],
      [
        -0.39645074265379243,
        0.15032537110442415,
        -0.9056649995730064,
        0.18165050717154235
      ],
      [
        0.8468317126164121,
        -0.3210998940496991,
        -0.42399399588723696,
        0.021473778977613916
      ],
      [
        0.0,
        0.0,
        0.0,
        1.0
      ]
    ],
    [
      [
        -0.3545459901852097,
        -0.9350385771953953,
        1.5691255250174987e-16,
        -3.737487195280761e-17
      ],
      [
        -0.43881424715100004,
        0.166388676957247,
        -0.8830384276336549,
        0.21969738557846227
      ],
      [
        0.8256749949834319,
        -0.31307773369696484,
        -0.4693006875365537,
        0.03158033390915206
      ],
      [
        0.0,
        0.0,
        0.0,
        1.0
      ]
    ],
    [
      [
        -0.3586216170839225,
        -0.9334830129816621,
        -1.532286463594538e-05,
        0.008932633244401363
      ],
      [
        -0.47610303283068356,
        0.18292139994809972,
        -0.860154441696636,
        0.2599590538853809
      ],
      [
        0.8029423627443858,
        -0.3084626815608414,
        -0.5100336618251362,
        0.031482827667038374
      ],
      [
        0.0,
        0.0,
        0.0,
        1.0
      ]
    ],
    [
      [
        -0.3926292785460674,
        -0.9196968245932309,
        -2.1483064772180255e-05,
        0.08649136109685336
      ],
      [
        -0.48006259137811075,
        0.20496423160657537,
        -0.852953440769928,
        0.3276600242511066
      ],
      [
        0.7844629742618371,
        -0.3348841808671374,
        -0.5219869992798851,
        -0.0762820227625803
      ],
      [
        0.0,
        0.0,
        0.0,
        1.0
      ]
    ],
    [
      [
        -0.4125967600790966,
        -0.9109137793809823,
        -1.0299865776023599e-05,
        0.13283045340194954
      ],
      [
        -0.4891264852717356,
        0.22155850165475147,
        -0.8436036461219334,
        0.4059391013850392
      ],
      [
        0.7684524676113357,
        -0.3480630932436767,
        -0.5369663752449427,
        -0.19142855098593314
      ],
      [
        0.0,
        0.0,
        0.0,
        1.0
      ]
    ],
    [
      [
        -0.4235246148570578,
        -0.9058845955902897,
        -9.077317537052841e-06,
        0.15826154764139921
      ],
      [
        -0.5026784660199105,
        0.2350235960381431,
        -0.8319124167273675,
        0.492294143595688
      ],
      [
        0.7536187765774218,
        -0.35233082291720735,
        -0.554906956896769,
        -0.30614982600575236
      ],
      [
        0.0,
        0.0,
        0.0,
        1.0
      ]
    ],
    [
      [
        -0.4291945084342307,
        -0.9032120868939391,
        -4.312134856431626e-06,
        0.17156186855424296
      ],
      [
        -0.5204105361699268,
        0.247296146613972,
        -0.8173233691221669,
        0.5865738091277085
      ],
      [
        0.7382174122663513,
        -0.35078845756178517,
        -0.5761792344992966,
        -0.4161185067610672
      ],
      [
        0.0,
        0.0,
        0.0,
        1.0
      ]
    ],
    [
      [
        -0.43153613782855704,
        -0.9020956499972184,
        -2.0269772256051065e-06,
        0.1770590745552236
      ],
      [
        -0.5426355342141175,
        0.259582741516943,
        -0.7988513486968069,
        0.6902186537606823
      ],
      [
        0.7206408528221058,
        -0.34473212580588436,
        -0.6015284886696424,
        -0.5182133318575204
      ],
      [
        0.0,
        0.0,
        0.0,
        1.0
      ]
    ],
    [
      [
        -0.4322064650061652,
        -0.9017746789559172,
        -9.091598679934936e-07,
        0.17863856369994904
      ],
      [
        -0.5701988218444141,
        0.27328813641925476,
        -0.7747173020268315,
        0.8057210940585102
      ],
      [
        0.6986206947794464,
        -0.3348373080862448,
        -0.6323077588796775,
        -0.6081593182425131
      ],
      [
        0.0,
        0.0,
        0.0,
        1.0
      ]
    ],
    [
      [
        -0.433107846826425,
        -0.9013421065348179,
        -2.1805418663480286e-06,
        0.18074075521034488
      ],
      [
        -0.6035835163649144,
        0.2900323580739316,
        -0.7426763561893158,
        0.9360497785955727
      ],
      [
        0.6694061037889802,
        -0.3216576413789224,
        -0.6696505282254359,
        -0.6802354880129313
      ],
      [
        0.0,
        0.0,
        0.0,
        1.0
      ]
    ],
    [
      [
        -0.4380921320021997,
        -0.8989300764331736,
        -3.951728514790341e-05,
        0.1922776511124119
      ],
      [
        -0.6439625905361945,
        0.3138648080323762,
        -0.6977113043865013,
        1.085956605025144
      ],
      [
        0.6272060792655637,
        -0.30563638520740316,
        -0.7163790436421706,
        -0.7231219607288479
      ],
      [
        0.0,
        0.0,
        0.0,
        1.0
      ]
    ],
    [
      [
        -0.45366173295439477,
        -0.8911739618800949,
        -4.146987689068695e-05,
        0.22893120442842038
      ],
      [
        -0.6890427418508945,
        0.3507941618686617,
        -0.6341636664942774,
        1.2575127883378205
      ],
      [
        0.565164694540819,
        -0.2876672134008296,
        -0.7731988375436065,
        -0.7214393092084103
      ],
      [
        0.0,
        0.0,
        0.0,
        1.0
      ]
    ],
    [
      [
        -0.5026994072064765,
        -0.8644610446974828,
        -0.000638901239366965,
        0.34494121707546604
      ],
      [
        -0.7279396486310548,
        0.42370819599604176,
        -0.53905030618364,
        1.4445176927749015
      ],
      [
        0.4662586985195593,
        -0.27051518782929085,
        -0.842273328088056,
        -0.6402027595326012
      ],
      [
        0.0,
        0.0,
        0.0,
        1.0
      ]
    ],
    [
      [
        -0.6221811873228772,
        -0.7828732240383766,
        -0.00029193364354592344,
        0.6433839524480618
      ],
      [
        -0.713845885786693,
        0.567475378109019,
        -0.41036050807239866,
        1.5809769273285676
      ],
      [
        0.32142591912741914,
        -0.2551101925125362,
        -0.9119233346007275,
        -0.44882713931595963
      ],
      [
        0.0,
        0.0,
        0.0,
        1.0
      ]
    ],
    [
      [
        -0.8639517728200805,
        -0.5035740024602674,
        -0.0007471861789583853,
        1.331015065989854
      ],
      [
        -0.47756962449730717,
        0.8198064615920855,
        -0.3159819920333522,
        1.338375781770353
      ],
      [
        0.15973286449112592,
        -0.27263636877352054,
        -0.9487648931233956,
        -0.19418381095590334
      ],
      [
        0.0,
        0.0,
        0.0,
        1.0
      ]
    ],
    [
      [
        -0.9947463364184346,
        -0.10237053375900229,
        3.8852920635790334e-10,
        1.891714830440961
      ],
      [
        -0.0950669273129754,
        0.9237763450334768,
        -0.37094412475177563,
        0.6379695127660416
      ],
      [
        0.037973747686691116,
        -0.3689953091497077,
        -0.9286551869839199,
        0.003242686060758098
      ],
      [
        0.0,
        0.0,
        0.0,
        1.0
      ]
    ]
  ],
  "rotation_deg": 19.0125,
  "max_xy_angle": 72.1608657836914
}