{
  "id": 9,
  "type": "reconstruct",
  "width": 832,
  "height": 480,
  "intrinsic": [
    [
      [
        240.17770385742188,
        0.0,
        416.0
      ],
      [
        0.0,
        240.0,
        240.0
      ],
      [
        0.0,
        0.0,
        1.0
      ]
    ],
    [
      [
        240.17770385742188,
        0.0,
        416.0
      ],
      [
        0.0,
        240.0,
        240.0
      ],
      [
        0.0,
        0.0,
        1.0
      ]
    ],
    [
      [
        240.17770385742188,
        0.0,
        416.0
      ],
      [
        0.0,
        240.0,
        240.0
      ],
      [
        0.0,
        0.0,
        1.0
      ]
    ],
    [
      [
        240.17770385742188,
        0.0,
        416.0
      ],
      [
        0.0,
        240.0,
        240.0
      ],
      [
        0.0,
        0.0,
        1.0
      ]
    ],
    [
      [
        240.17770385742188,
        0.0,
        416.0
      ],
      [
        0.0,
        240.0,
        240.0
      ],
      [
        0.0,
        0.0,
        1.0
      ]
    ],
    [
      [
        240.17770385742188,
        0.0,
        416.0
      ],
      [
        0.0,
        240.0,
        240.0
      ],
      [
        0.0,
        0.0,
        1.0
      ]
    ],
    [
      [
        240.17770385742188,
        0.0,
        416.0
      ],
      [
        0.0,
        240.0,
        240.0
      ],
      [
        0.0,
        0.0,
        1.0
      ]
    ],
    [
      [
        240.17770385742188,
        0.0,
        416.0
      ],
      [
        0.0,
        240.0,
        240.0
      ],
      [
        0.0,
        0.0,
        1.0
      ]
    ],
    [
      [
        240.17770385742188,
        0.0,
        416.0
      ],
      [
        0.0,
        240.0,
        240.0
      ],
      [
        0.0,
        0.0,
        1.0
      ]
    ],
    [
      [
        240.17770385742188,
        0.0,
        416.0
      ],
      [
        0.0,
        240.0,
        240.0
      ],
      [
        0.0,
        0.0,
        1.0
      ]
    ],
    [
      [
        240.17770385742188,
        0.0,
        416.0
      ],
      [
        0.0,
        240.0,
        240.0
      ],
      [
        0.0,
        0.0,
        1.0
      ]
    ],
    [
      [
        240.17770385742188,
        0.0,
        416.0
      ],
      [
        0.0,
        240.0,
        240.0
      ],
      [
        0.0,
        0.0,
        1.0
      ]
    ],
    [
      [
        240.17770385742188,
        0.0,
        416.0
      ],
      [
        0.0,
        240.0,
        240.0
      ],
      [
        0.0,
        0.0,
        1.0
      ]
    ],
    [
      [
        240.17770385742188,
        0.0,
        416.0
      ],
      [
        0.0,
        240.0,
        240.0
      ],
      [
        0.0,
        0.0,
        1.0
      ]
    ],
    [
      [
        240.17770385742188,
        0.0,
        416.0
      ],
      [
        0.0,
        240.0,
        240.0
      ],
      [
        0.0,
        0.0,
        1.0
      ]
    ],
    [
      [
        240.17770385742188,
        0.0,
        416.0
      ],
      [
        0.0,
        240.0,
        240.0
      ],
      [
        0.0,
        0.0,
        1.0
      ]
    ],
    [
      [
        240.17770385742188,
        0.0,
        416.0
      ],
      [
        0.0,
        240.0,
        240.0
      ],
      [
        0.0,
        0.0,
        1.0
      ]
    ],
    [
      [
        240.17770385742188,
        0.0,
        416.0
      ],
      [
        0.0,
        240.0,
        240.0
      ],
      [
        0.0,
        0.0,
        1.0
      ]
    ],
    [
      [
        240.17770385742188,
        0.0,
        416.0
      ],
      [
        0.0,
        240.0,
        240.0
      ],
      [
        0.0,
        0.0,
        1.0
      ]
    ],
    [
      [
        240.17770385742188,
        0.0,
        416.0
      ],
      [
        0.0,
        240.0,
        240.0
      ],
      [
        0.0,
        0.0,
        1.0
      ]
    ],
    [
      [
        240.17770385742188,
        0.0,
        416.0
      ],
      [
        0.0,
        240.0,
        240.0
      ],
      [
        0.0,
        0.0,
        1.0
      ]
    ]
  ],
  "extrinsic": [
    [
      [
        0.25596175946799365,
        0.9666869077886845,
        2.9428920641675203e-19,
        0.07442550491619067
      ],
      [
        -0.1999822869145028,
        0.052951806431476775,
        -0.978367615529096,
        -0.39003581611016175
      ],
      [
        -0.9457751649364105,
        0.250424696277333,
        0.20687389609109968,
        -1.8445943088469796
      ],
      [
        0.0,
        0.0,
        0.0,
        1.0
      ]
    ],
    [
      [
        0.11574068811543804,
        0.9928240049920305,
        0.030076373221336834,
        -0.3161615468275411
      ],
      [
        -0.15385052106984815,
        0.04783346281712632,
        -0.9869356498786831,
        -0.263923449069844
      ],
      [
        -0.9812920616621236,
        0.10960134555062191,
        0.15828276840007588,
        -1.832439104927181
      ],
      [
        0.0,
        0.0,
        0.0,
        1.0
      ]
    ],
    [
      [
        0.0661660149304716,
        0.9969860382855277,
        0.04050799837006713,
        -0.4510956496965885
      ],
      [
        -0.1035152270949259,
        0.047236480914966975,
        -0.9935055674883037,
        -0.12985692812402963
      ],
      [
        -0.9924246350366899,
        0.06154310956149934,
        0.1063286858650796,
        -1.8123190117590422
      ],
      [
        0.0,
        0.0,
        0.0,
        1.0
      ]
    ],
    [
      [
        0.033758393465444965,
        0.9983130356409301,
        0.04723826563309832,
        -0.538412746137117
      ],
      [
        -0.041841634696349654,
        0.04863549858615163,
        -0.9979398107517375,
        0.032477681378257774
      ],
      [
        -0.9985537784599131,
        0.03171231853187958,
        0.043412905647551035,
        -1.7859577124645747
      ],
      [
        0.0,
        0.0,
        0.0,
        1.0
      ]
    ],
    [
      [
        0.020732018016368602,
        0.9985409188681572,
        0.049861977246246636,
        -0.5732836524529845
      ],
      [
        0.02527104913180938,
        0.04933338170026451,
        -0.9984626139850172,
        0.2088845792173253
      ],
      [
        -0.9994656359799203,
        0.021960209378606977,
        -0.024211396062621127,
        -1.7562677083623033
      ],
      [
        0.0,
        0.0,
        0.0,
        1.0
      ]
    ],
    [
      [
        0.027852915109063577,
        0.9984456007868104,
        0.048276261137251565,
        -0.554175461583292
      ],
      [
        0.09184718699138372,
        0.045534483255903,
        -0.99473147385432,
        0.38590787976231566
      ],
      [
        -0.9953834986384379,
        0.03214021008149616,
        -0.09043615169952895,
        -1.7260928503950412
      ],
      [
        0.0,
        0.0,
        0.0,
        1.0
      ]
    ],
    [
      [
        0.05463428252110158,
        0.9975966724094677,
        0.042614250796669,
        -0.482148713172138
      ],
      [
        0.15203853039395818,
        0.03386898760974465,
        -0.987794096436062,
        0.5504283548938027
      ],
      [
        -0.9868634051625631,
        0.0604464298023292,
        -0.14982272416126405,
        -1.6979365526557417
      ],
      [
        0.0,
        0.0,
        0.0,
        1.0
      ]
    ],
    [
      [
        0.09918134507024849,
        0.9945134264008785,
        0.03325816438772795,
        -0.3613436623110903
      ],
      [
        0.20028453219421963,
        0.012787173014071458,
        -0.9796543239173963,
        0.6891333780421528
      ],
      [
        -0.9747046562696818,
        0.10382452944604684,
        -0.19791740734838886,
        -1.6738368578373901
      ],
      [
        0.0,
        0.0,
        0.0,
        1.0
      ]
    ],
    [
      [
        0.1578447650725332,
        0.9872425894305161,
        0.020906930758145224,
        -0.2002619245579291
      ],
      [
        0.23175896356971576,
        -0.01645709688422882,
        -0.9726340250922924,
        0.7889491231954164
      ],
      [
        -0.9598816661153018,
        0.1583705577961768,
        -0.23139998590976585,
        -1.6553455106812451
      ],
      [
        0.0,
        0.0,
        0.0,
        1.0
      ]
    ],
    [
      [
        0.22510834643664543,
        0.9743112921997801,
        0.006613490497030505,
        -0.012679490412465492
      ],
      [
        0.24319553051951,
        -0.049613306836790876,
        -0.96870762034788,
        0.8389685023478217
      ],
      [
        -0.9434946562116254,
        0.21967254192710012,
        -0.2481165210609586,
        -1.6435634349121158
      ],
      [
        0.0,
        0.0,
        0.0,
        1.0
      ]
    ],
    [
      [
        0.29414079532037124,
        0.9557261558098256,
        -0.00828900653110477,
        0.18317977057459303
      ],
      [
        0.2337644961292722,
        -0.08034880409358132,
        -0.9689676104133506,
        0.8332492234888383
      ],
      [
        -0.9267337011664823,
        0.2830752281315066,
        -0.2470487043895768,
        -1.639191887453776
      ],
      [
        0.0,
        0.0,
        0.0,
        1.0
      ]
    ],
    [
      [
        0.3580132376552743,
        0.9334482867272734,
        -0.02237895595210116,
        0.36759442599770203
      ],
      [
        0.20538756158834848,
        -0.10210933731640907,
        -0.9733394232114488,
        0.7727723592386135
      ],
      [
        -0.9108471173629417,
        0.34387203904755287,
        -0.2282751619272183,
        -1.64256470015196
      ],
      [
        0.0,
        0.0,
        0.0,
        1.0
      ]
    ],
    [
      [
        0.41100762955639963,
        0.9109835958750393,
        -0.034374648987477115,
        0.5231088750562507
      ],
      [
        0.16212893426238772,
        -0.11014918156083892,
        -0.9806025527584655,
        0.6651037977480876
      ],
      [
        -0.8970991790885617,
        0.39746200554022787,
        -0.19296895354063578,
        -1.653635777189104
      ],
      [
        0.0,
        0.0,
        0.0,
        1.0
      ]
    ],
    [
      [
        0.4493205681787696,
        0.892320881158897,
        -0.04329517362613834,
        0.6370828472548862
      ],
      [
        0.1089588737752154,
        -0.10283738171006838,
        -0.988712514712267,
        0.5219803578453547
      ],
      [
        -0.8867011846372738,
        0.43953147551776933,
        -0.1434332290371661,
        -1.671916660022663
      ],
      [
        0.0,
        0.0,
        0.0,
        1.0
      ]
    ],
    [
      [
        0.4709462384866455,
        0.8808276202353222,
        -0.04850096788578681,
        0.7020575420943836
      ],
      [
        0.05060740115238456,
        -0.0818652547752049,
        -0.9953577100767301,
        0.3564972586714766
      ],
      [
        -0.8807091071425804,
        0.4663054615712422,
        -0.08313053052248291,
        -1.696384076459542
      ],
      [
        0.0,
        0.0,
        0.0,
        1.0
      ]
    ],
    [
      [
        0.47508587604082886,
        0.8785380108787201,
        -0.04964245992877538,
        0.7146100447509469
      ],
      [
        -0.008952199019352937,
        -0.05158718796100601,
        -0.9986283694002455,
        0.1814617198378159
      ],
      [
        -0.8798938961711438,
        0.47487864289683285,
        -0.016643497265484596,
        -1.7253943955537203
      ],
      [
        0.0,
        0.0,
        0.0,
        1.0
      ]
    ],
    [
      [
        0.4616061419169386,
        0.8858602308229175,
        -0.04659851060845308,
        0.6740926509509223
      ],
      [
        -0.06633313844722173,
        -0.01791321109196015,
        -0.9976367232676011,
        0.00928547139234089
      ],
      [
        -0.8846014269083565,
        0.46360626431783875,
        0.05049304107456095,
        -1.7566528002765534
      ],
      [
        0.0,
        0.0,
        0.0,
        1.0
      ]
    ],
    [
      [
        0.43089544764343196,
        0.9015379028580255,
        -0.039478132054588666,
        0.5822960546496945
      ],
      [
        -0.11817492318143488,
        0.013003221513195575,
        -0.9929076511747407,
        -0.14726747488170078
      ],
      [
        -0.8946305386757308,
        0.4325047120444261,
        0.11214220137013414,
        -1.7872938901806954
      ],
      [
        0.0,
        0.0,
        0.0,
        1.0
      ]
    ],
    [
      [
        0.3842041299312413,
        0.922801846004464,
        -0.028704347310666557,
        0.4442927884702755
      ],
      [
        -0.16062364106382174,
        0.03619377128289063,
        -0.9863518930137066,
        -0.2746066083074056
      ],
      [
        -0.9091684291016591,
        0.38357106764076376,
        0.16212958889032647,
        -1.8141256443503775
      ],
      [
        0.0,
        0.0,
        0.0,
        1.0
      ]
    ],
    [
      [
        0.3242955806649455,
        0.945834951217071,
        -0.015120232054655838,
        0.2698948274180585
      ],
      [
        -0.18929132723431014,
        0.04922437614422089,
        -0.9806863689412052,
        -0.35917316515814807
      ],
      [
        -0.9268231599367049,
        0.32089438425970174,
        0.19500160090503812,
        -1.8340496563640352
      ],
      [
        0.0,
        0.0,
        0.0,
        1.0
      ]
    ],
    [
      [
        0.25596175946799365,
        0.9666869077886846,
        -1.3172093804771486e-16,
        0.0744255049161907
      ],
      [
        -0.19998228691450287,
        0.05295180643147674,
        -0.9783676155290958,
        -0.39003581611016186
      ],
      [
        -0.9457751649364105,
        0.250424696277333,
        0.20687389609109977,
        -1.8445943088469796
      ],
      [
        0.0,
        0.0,
        0.0,
        1.0
      ]
    ]
  ],
  "eloop_rotation": 0.5
}