{
  "id": 7,
  "type": "exploration",
  "width": 832,
  "height": 480,
  "intrinsic": [
    [
      [
        240.17770385742188,
        0.0,
        416.0
      ],
      [
        0.0,
        240.0,
        240.0
      ],
      [
        0.0,
        0.0,
        1.0
      ]
    ],
    [
      [
        240.17770385742188,
        0.0,
        416.0
      ],
      [
        0.0,
        240.0,
        240.0
      ],
      [
        0.0,
        0.0,
        1.0
      ]
    ],
    [
      [
        240.17770385742188,
        0.0,
        416.0
      ],
      [
        0.0,
        240.0,
        240.0
      ],
      [
        0.0,
        0.0,
        1.0
      ]
    ],
    [
      [
        240.17770385742188,
        0.0,
        416.0
      ],
      [
        0.0,
        240.0,
        240.0
      ],
      [
        0.0,
        0.0,
        1.0
      ]
    ],
    [
      [
        240.17770385742188,
        0.0,
        416.0
      ],
      [
        0.0,
        240.0,
        240.0
      ],
      [
        0.0,
        0.0,
        1.0
      ]
    ],
    [
      [
        240.17770385742188,
        0.0,
        416.0
      ],
      [
        0.0,
        240.0,
        240.0
      ],
      [
        0.0,
        0.0,
        1.0
      ]
    ],
    [
      [
        240.17770385742188,
        0.0,
        416.0
      ],
      [
        0.0,
        240.0,
        240.0
      ],
      [
        0.0,
        0.0,
        1.0
      ]
    ],
    [
      [
        240.17770385742188,
        0.0,
        416.0
      ],
      [
        0.0,
        240.0,
        240.0
      ],
      [
        0.0,
        0.0,
        1.0
      ]
    ],
    [
      [
        240.17770385742188,
        0.0,
        416.0
      ],
      [
        0.0,
        240.0,
        240.0
      ],
      [
        0.0,
        0.0,
        1.0
      ]
    ],
    [
      [
        240.17770385742188,
        0.0,
        416.0
      ],
      [
        0.0,
        240.0,
        240.0
      ],
      [
        0.0,
        0.0,
        1.0
      ]
    ],
    [
      [
        240.17770385742188,
        0.0,
        416.0
      ],
      [
        0.0,
        240.0,
        240.0
      ],
      [
        0.0,
        0.0,
        1.0
      ]
    ],
    [
      [
        240.17770385742188,
        0.0,
        416.0
      ],
      [
        0.0,
        240.0,
        240.0
      ],
      [
        0.0,
        0.0,
        1.0
      ]
    ],
    [
      [
        240.17770385742188,
        0.0,
        416.0
      ],
      [
        0.0,
        240.0,
        240.0
      ],
      [
        0.0,
        0.0,
        1.0
      ]
    ],
    [
      [
        240.17770385742188,
        0.0,
        416.0
      ],
      [
        0.0,
        240.0,
        240.0
      ],
      [
        0.0,
        0.0,
        1.0
      ]
    ],
    [
      [
        240.17770385742188,
        0.0,
        416.0
      ],
      [
        0.0,
        240.0,
        240.0
      ],
      [
        0.0,
        0.0,
        1.0
      ]
    ],
    [
      [
        240.17770385742188,
        0.0,
        416.0
      ],
      [
        0.0,
        240.0,
        240.0
      ],
      [
        0.0,
        0.0,
        1.0
      ]
    ],
    [
      [
        240.17770385742188,
        0.0,
        416.0
      ],
      [
        0.0,
        240.0,
        240.0
      ],
      [
        0.0,
        0.0,
        1.0
      ]
    ],
    [
      [
        240.17770385742188,
        0.0,
        416.0
      ],
      [
        0.0,
        240.0,
        240.0
      ],
      [
        0.0,
        0.0,
        1.0
      ]
    ],
    [
      [
        240.17770385742188,
        0.0,
        416.0
      ],
      [
        0.0,
        240.0,
        240.0
      ],
      [
        0.0,
        0.0,
        1.0
      ]
    ],
    [
      [
        240.17770385742188,
        0.0,
        416.0
      ],
      [
        0.0,
        240.0,
        240.0
      ],
      [
        0.0,
        0.0,
        1.0
      ]
    ],
    [
      [
        240.17770385742188,
        0.0,
        416.0
      ],
      [
        0.0,
        240.0,
        240.0
      ],
      [
        0.0,
        0.0,
        1.0
      ]
    ]
  ],
  "extrinsic": [
    [
      [
        0.029191362310761606,
        -0.9995738413776352,
        -0.0,
        -0.0
      ],
      [
        -0.0,
        -0.0,
        -0.9999999999999998,
        -0.0
      ],
      [
        0.9995738413776353,
        0.029191362310761602,
        0.0,
        0.0
      ],
      [
        0.0,
        0.0,
        0.0,
        1.0
      ]
    ],
    [
      [
        0.029191362310761564,
        -0.9995738413776349,
        -2.6033144859543017e-16,
        1.0354187445649309e-17
      ],
      [
        -0.051006988540030704,
        -0.0014895982880069748,
        -0.998697185445627,
        0.03968135244997505
      ],
      [
        0.998271582028918,
        0.029153331379081205,
        -0.05102873487538615,
        0.0010131089595168416
      ],
      [
        0.0,
        0.0,
        0.0,
        1.0
      ]
    ],
    [
      [
        0.02919136231076166,
        -0.9995738413776349,
        -2.9512640724867896e-17,
        2.496812434203715e-18
      ],
      [
        -0.12855859980147347,
        -0.0037544006351714655,
        -0.9916948073338666,
        0.10001361504686626
      ],
      [
        0.991272188040967,
        0.028948922422583942,
        -0.12861340951489006,
        0.006205733801566255
      ],
      [
        0.0,
        0.0,
        0.0,
        1.0
      ]
    ],
    [
      [
        0.029191362310761547,
        -0.9995738413776349,
        -2.4946699408157356e-16,
        4.063088071526147e-17
      ],
      [
        -0.20533005950052904,
        -0.005996419586079834,
        -0.9786744145105953,
        0.15973771779976978
      ],
      [
        0.9782573439703639,
        0.02856883941825133,
        -0.20541759998194686,
        0.01653286693042487
      ],
      [
        0.0,
        0.0,
        0.0,
        1.0
      ]
    ],
    [
      [
        0.029191362310761845,
        -0.9995738413776349,
        2.928647142268748e-18,
        -8.57590518791221e-18
      ],
      [
        -0.28085552157518995,
        -0.008202050661890052,
        -0.959715011014034,
        0.21849490203708535
      ],
      [
        0.9593060201870776,
        0.028015388601587456,
        -0.28097526160559433,
        0.031079740216780827
      ],
      [
        0.0,
        0.0,
        0.0,
        1.0
      ]
    ],
    [
      [
        0.029191362310761616,
        -0.9995738413776352,
        -2.5782461726322594e-16,
        7.073241097517929e-17
      ],
      [
        -0.3546766376369324,
        -0.010357908344372802,
        -0.9349316533572333,
        0.2759227813884425
      ],
      [
        0.9345332241718334,
        0.02729192862895043,
        -0.35482785058491434,
        0.05050357917673593
      ],
      [
        0.0,
        0.0,
        0.0,
        1.0
      ]
    ],
    [
      [
        0.02919136231076158,
        -0.9995738413776349,
        -2.231118604691403e-16,
        7.486203218019692e-17
      ],
      [
        -0.42634540710604074,
        -0.012450909310720383,
        -0.9044747474069799,
        0.33168054879398173
      ],
      [
        0.9040892976946614,
        0.026402850052491857,
        -0.4265271753394846,
        0.07404736453675013
      ],
      [
        0.0,
        0.0,
        0.0,
        1.0
      ]
    ],
    [
      [
        0.02731531127275919,
        -0.9996268672710191,
        -1.7187498752341232e-09,
        0.0002497741961421493
      ],
      [
        -0.4884389174611823,
        -0.013346839711304063,
        -0.8724960090333187,
        0.39654637907183093
      ],
      [
        0.8721704521935036,
        0.02383250091048952,
        -0.4886212379961915,
        0.06954345813760512
      ],
      [
        0.0,
        0.0,
        0.0,
        1.0
      ]
    ],
    [
      [
        0.0019726792183747954,
        -0.9999980542664578,
        -4.810825489338276e-09,
        0.009056070949957463
      ],
      [
        -0.48862028744517705,
        -0.0009638887647640718,
        -0.872496008939549,
        0.5567721699713483
      ],
      [
        0.8724943112901619,
        0.0017211570956169688,
        -0.48862123816362946,
        -0.2165602806847231
      ],
      [
        0.0,
        0.0,
        0.0,
        1.0
      ]
    ],
    [
      [
        -0.028387347966992743,
        -0.9995969980324074,
        4.990740617202328e-11,
        0.027830453022588294
      ],
      [
        -0.48842432251160856,
        0.013870661058834274,
        -0.8724960091260399,
        0.7167902948211949
      ],
      [
        0.8721443915169532,
        -0.024767847835249344,
        -0.48862123783062567,
        -0.5022932055779955
      ],
      [
        0.0,
        0.0,
        0.0,
        1.0
      ]
    ],
    [
      [
        -0.05236997942687163,
        -0.9986277510938842,
        -4.2924141974919364e-09,
        0.05030323488043085
      ],
      [
        -0.48795072384647803,
        0.025589087711902585,
        -0.8724960112732725,
        0.8766237644687783
      ],
      [
        0.8712987296860514,
        -0.045692596065922304,
        -0.4886212339964663,
        -0.7876964150889266
      ],
      [
        0.0,
        0.0,
        0.0,
        1.0
      ]
    ],
    [
      [
        -0.07023816883334917,
        -0.9975302499869053,
        -1.4504811693122529e-08,
        0.07291035792414116
      ],
      [
        -0.48741444909221504,
        0.034319872528169176,
        -0.87249601785096,
        1.0363731875289446
      ],
      [
        0.8703411712972507,
        -0.06128251553838578,
        -0.4886212222511596,
        -1.0729495825452122
      ],
      [
        0.0,
        0.0,
        0.0,
        1.0
      ]
    ],
    [
      [
        -0.0821253629169909,
        -0.996622006964402,
        3.319606924728739e-09,
        0.09176145845756194
      ],
      [
        -0.4869706789657693,
        0.04012819360217275,
        -0.8724960091059694,
        1.1961815158611682
      ],
      [
        0.8695487235304125,
        -0.07165405300800518,
        -0.48862123786646433,
        -1.358307832876107
      ],
      [
        0.0,
        0.0,
        0.0,
        1.0
      ]
    ],
    [
      [
        -0.0880235609928908,
        -0.9961183929182968,
        9.838333780136154e-10,
        0.10290320985026648
      ],
      [
        -0.48672460035478565,
        0.04301018030814862,
        -0.8724960101910693,
        1.3561868801575965
      ],
      [
        0.8691093234568392,
        -0.07680020624796333,
        -0.48862123592887885,
        -1.6440179818130403
      ],
      [
        0.0,
        0.0,
        0.0,
        1.0
      ]
    ],
    [
      [
        -0.088271804764913,
        -0.99609642529403,
        2.849593634327544e-09,
        0.10315688180360227
      ],
      [
        -0.48671386832261093,
        0.043131476013487394,
        -0.8724960092512388,
        1.5164610241241663
      ],
      [
        0.8690901557755586,
        -0.07701679877372784,
        -0.4886212376070671,
        -1.9302080529928183
      ],
      [
        0.0,
        0.0,
        0.0,
        1.0
      ]
    ],
    [
      [
        -0.082501394606296,
        -0.9965909491300912,
        -2.924253092408192e-09,
        0.08791819857571448
      ],
      [
        -0.48695549912807023,
        0.04031193578040984,
        -0.8724960112817525,
        1.677018298613981
      ],
      [
        0.8695216281133826,
        -0.07198213629519398,
        -0.4886212339813241,
        -2.2169037233014692
      ],
      [
        0.0,
        0.0,
        0.0,
        1.0
      ]
    ],
    [
      [
        -0.07120833585494665,
        -0.9974614643708141,
        1.3894532408407491e-08,
        0.05444394258954681
      ],
      [
        -0.48738086558226995,
        0.03479389378177602,
        -0.872496003899032,
        1.837700097886191
      ],
      [
        0.8702811412233672,
        -0.06212899524967033,
        -0.48862124716412,
        -2.5038216294679736
      ],
      [
        0.0,
        0.0,
        0.0,
        1.0
      ]
    ],
    [
      [
        -0.053657330405222955,
        -0.9985594077939404,
        -9.184031785355422e-09,
        -0.002761684438694797
      ],
      [
        -0.4879173247200685,
        0.026218118733473322,
        -0.8724960140241838,
        1.99821094509508
      ],
      [
        0.8712391033073503,
        -0.046815802420687454,
        -0.48862122908436073,
        -2.79043451214282
      ],
      [
        0.0,
        0.0,
        0.0,
        1.0
      ]
    ],
    [
      [
        -0.030562684170501977,
        -0.9995328520545457,
        9.60070240674989e-09,
        -0.08602467565013333
      ],
      [
        -0.48839298626599337,
        0.014933568399557536,
        -0.8724960054355784,
        2.158001071307128
      ],
      [
        0.8720884205758493,
        -0.026665824543067894,
        -0.4886212444204191,
        -3.075760189884435
      ],
      [
        0.0,
        0.0,
        0.0,
        1.0
      ]
    ],
    [
      [
        -0.0009028970305712897,
        -0.9999995923883928,
        9.407785529816741e-09,
        -0.2016125014371464
      ],
      [
        -0.48862103988902833,
        0.0004411664575596828,
        -0.8724960084435465,
        2.316209909561738
      ],
      [
        0.8724956527998958,
        -0.0007877786520509323,
        -0.4886212390493055,
        -3.3582624491568662
      ],
      [
        0.0,
        0.0,
        0.0,
        1.0
      ]
    ],
    [
      [
        0.021628144289062252,
        -0.9997660843290352,
        -6.728496526389533e-09,
        -0.29563620358413184
      ],
      [
        -0.4885069468701087,
        -0.01056796487512411,
        -0.8724960062820019,
        2.4737555801796662
      ],
      [
        0.8722919157221717,
        0.018870472802414984,
        -0.4886212429090214,
        -3.6395804404671845
      ],
      [
        0.0,
        0.0,
        0.0,
        1.0
      ]
    ]
  ],
  "rotation_deg": 29.25,
  "max_xy_angle": 29.250001907348633
}