{
  "extrinsic": [
    [
      [
        1.0,
        0.0,
        0.0,
        0.0
      ],
      [
        0.0,
        0.9396926172367759,
        -0.34202015428106647,
        0.0
      ],
      [
        0.0,
        0.34202015428106647,
        0.9396926172367759,
        0.0
      ],
      [
        0.0,
        0.0,
        0.0,
        1.0
      ]
    ],
    [
      [
        0.9876883202474146,
        2.1725839257181e-09,
        -0.15643445815326165,
        0.13308626127007844
      ],
      [
        -0.053503736377972816,
        0.9396926814455431,
        -0.33780933073925506,
        -0.0035823652175424946
      ],
      [
        0.14700030206082462,
        0.3420201416313558,
        0.9281234147414583,
        0.009842446602605803
      ],
      [
        0.0,
        0.0,
        0.0,
        1.0
      ]
    ],
    [
      [
        0.9510564987568458,
        1.741317931785473e-10,
        -0.30901696715065285,
        0.26289549734590917
      ],
      [
        -0.10569003551462396,
        0.9396926164439634,
        -0.32528047913718466,
        -0.014241222770679367
      ],
      [
        0.2903809731873673,
        0.3420201564593009,
        0.8937007402136666,
        0.03912741471943559
      ],
      [
        0.0,
        0.0,
        0.0,
        1.0
      ]
    ],
    [
      [
        0.8910065318936847,
        1.996344502979536e-08,
        -0.45399048501870554,
        0.38623137173852723
      ],
      [
        -0.15527390468179506,
        0.9396926821472729,
        -0.30474220227976867,
        -0.031714144635319554
      ],
      [
        0.42661150072687876,
        0.34202013970336925,
        0.8372722384063878,
        0.08713386474419313
      ],
      [
        0.0,
        0.0,
        0.0,
        1.0
      ]
    ],
    [
      [
        0.8090169988182344,
        3.6478108663872303e-09,
        -0.5877852431844532,
        0.5000569315340455
      ],
      [
        -0.20103438985664313,
        0.939692623226527,
        -0.2767001180468331,
        -0.055570864390517415
      ],
      [
        0.5523374442550552,
        0.34202013782436136,
        0.7602272864527508,
        0.15267967917133818
      ],
      [
        0.0,
        0.0,
        0.0,
        1.0
      ]
    ],
    [
      [
        0.7071067932881647,
        -3.7275202117347986e-17,
        -0.7071067932881648,
        0.6015695023038732
      ],
      [
        -0.2418447926632592,
        0.9396926095884091,
        -0.24184477164954543,
        -0.08522399193385945
      ],
      [
        0.6644630503701295,
        0.3420201752947811,
        0.6644630580184966,
        0.2341509360478044
      ],
      [
        0.0,
        0.0,
        0.0,
        1.0
      ]
    ],
    [
      [
        0.5877852431844531,
        -3.6478109006950082e-09,
        -0.8090169988182344,
        0.6882694111264147
      ],
      [
        -0.2767001049812956,
        0.939692623226527,
        -0.20103440783981308,
        -0.11994329591396309
      ],
      [
        0.7602272912082174,
        0.3420201378243613,
        0.5523374377097167,
        0.32954149697515805
      ],
      [
        0.0,
        0.0,
        0.0,
        1.0
      ]
    ],
    [
      [
        0.45399047684948046,
        5.226899075654574e-09,
        -0.8910065360561128,
        0.7580217887920995
      ],
      [
        -0.304742195287689,
        0.939692675787185,
        -0.15527391330555715,
        -0.15887395086167844
      ],
      [
        0.8372722345337009,
        0.3420201571775657,
        0.42661149431815776,
        0.43650255693576184
      ],
      [
        0.0,
        0.0,
        0.0,
        1.0
      ]
    ],
    [
      [
        0.30901694732837787,
        6.484457436706456e-09,
        -0.9510564455928548,
        0.8091091015458747
      ],
      [
        -0.3252804822206501,
        0.9396926171839263,
        -0.10569002689624467,
        -0.20105730271950845
      ],
      [
        0.8937007459453707,
        0.34202015442626954,
        0.29038095794156493,
        0.5524003531802899
      ],
      [
        0.0,
        0.0,
        0.0,
        1.0
      ]
    ],
    [
      [
        0.1564344466348028,
        2.9868601947490945e-08,
        -0.9876883220717594,
        0.8402735624199476
      ],
      [
        -0.3378093265665382,
        0.9396926734835583,
        -0.05350374419861782,
        -0.245454697947298
      ],
      [
        0.9281234073544713,
        0.3420201635067274,
        0.14700029780381343,
        0.6743811661604099
      ],
      [
        0.0,
        0.0,
        0.0,
        1.0
      ]
    ],
    [
      [
        -3.143048405306448e-09,
        1.1966978750570296e-08,
        -1.0,
        0.8507477018319791
      ],
      [
        -0.34202015428106647,
        0.9396926172367759,
        -2.094269527305008e-17,
        -0.29097286795953564
      ],
      [
        0.9396926172367759,
        0.34202015428106647,
        5.753958030482682e-17,
        0.7994413345766528
      ],
      [
        0.0,
        0.0,
        0.0,
        1.0
      ]
    ],
    [
      [
        -0.156434455335413,
        -5.665895837718214e-09,
        -0.987688320693718,
        0.8402735744531022
      ],
      [
        -0.33780933486172804,
        0.939692609961971,
        0.05350373454148649,
        -0.336491070535405
      ],
      [
        0.9281234028687884,
        0.34202014446610657,
        -0.1470003010864541,
        0.9245014974573443
      ],
      [
        0.0,
        0.0,
        0.0,
        1.0
      ]
    ],
    [
      [
        -0.3090169542431148,
        1.3491310258387589e-08,
        -0.9510564433461207,
        0.80910906624465
      ],
      [
        -0.32528048020313843,
        0.9396926149640377,
        0.10569003049085063,
        -0.38088840063252805
      ],
      [
        0.8937007442887603,
        0.34202016052536344,
        -0.29038095585637685,
        1.046482216319789
      ],
      [
        0.0,
        0.0,
        0.0,
        1.0
      ]
    ],
    [
      [
        -0.45399048089555233,
        7.249430229490165e-09,
        -0.8910065339945362,
        0.758021815751974
      ],
      [
        -0.30474218864396724,
        0.9396926209807317,
        0.1552738824055297,
        -0.42307177211418107
      ],
      [
        0.8372722347579341,
        0.3420201439946337,
        -0.4266115044470084,
        1.1623801067909787
      ],
      [
        0.0,
        0.0,
        0.0,
        1.0
      ]
    ],
    [
      [
        -0.5877852431844534,
        3.6478110629111073e-09,
        -0.8090169988182344,
        0.688269370507105
      ],
      [
        -0.2767001597892887,
        0.9396926662804735,
        0.20103440976582276,
        -0.46200247620502227
      ],
      [
        0.7602272712597397,
        0.34202015349471604,
        -0.5523374370087064,
        1.2693411461695654
      ],
      [
        0.0,
        0.0,
        0.0,
        1.0
      ]
    ],
    [
      [
        -0.7071067932881647,
        5.327825990031721e-17,
        -0.7071067932881648,
        0.6015695233772976
      ],
      [
        -0.24184478519528257,
        0.9396926622206366,
        0.24184480620899745,
        -0.496721827910467
      ],
      [
        0.664463053088251,
        0.34202019445134735,
        -0.6644630454398834,
        1.3647318214988735
      ],
      [
        0.0,
        0.0,
        0.0,
        1.0
      ]
    ],
    [
      [
        -0.8090170023398275,
        1.2813128650316725e-08,
        -0.587785238337396,
        0.5000569695258744
      ],
      [
        -0.2010344106229792,
        0.9396926681097625,
        0.27670012315181347,
        -0.5263748714075469
      ],
      [
        0.5523374315385964,
        0.3420201782711089,
        -0.7602272774951323,
        1.4462029193878807
      ],
      [
        0.0,
        0.0,
        0.0,
        1.0
      ]
    ],
    [
      [
        -0.8910065339945362,
        -7.249430233748892e-09,
        -0.45399048089555233,
        0.3862313874011533
      ],
      [
        -0.15527389208022596,
        0.9396926209807314,
        0.30474218371446343,
        -0.5502315952581606
      ],
      [
        0.4266115009257068,
        0.3420201439946336,
        -0.8372722365521267,
        1.5117488064374158
      ],
      [
        0.0,
        0.0,
        0.0,
        1.0
      ]
    ],
    [
      [
        -0.9510564987568458,
        -1.741318162334932e-10,
        -0.3090169671506529,
        0.2628954811959593
      ],
      [
        -0.10569002580615408,
        0.9396926260222457,
        0.3252804546212605,
        -0.5677044505008728
      ],
      [
        0.29038097672096147,
        0.34202015994551066,
        -0.8937007491367337,
        1.5597552168665265
      ],
      [
        0.0,
        0.0,
        0.0,
        1.0
      ]
    ],
    [
      [
        -0.9876883202474146,
        -2.172583775120222e-09,
        -0.15643445815326168,
        0.1330862557510614
      ],
      [
        -0.05350374334345118,
        0.9396926192350322,
        0.3378093368848236,
        -0.5783634119785466
      ],
      [
        0.147000299525598,
        0.3420201189885832,
        -0.9281234125046544,
        1.589040199321936
      ],
      [
        0.0,
        0.0,
        0.0,
        1.0
      ]
    ],
    [
      [
        -1.0,
        4.054220261314739e-24,
        -1.2246469043245068e-16,
        1.0418656048204469e-16
      ],
      [
        -4.1885393052091335e-17,
        0.9396926602907213,
        0.34202016995142165,
        -0.5819457557719514
      ],
      [
        1.1507915836915348e-16,
        0.3420201997537455,
        -0.9396926006860737,
        1.5988826434710564
      ],
      [
        0.0,
        0.0,
        0.0,
        1.0
      ]
    ]
  ],
  "intrinsic": [
    [
      [
        680.0414428710938,
        0.0,
        384.0
      ],
      [
        0.0,
        680.0414428710938,
        256.0
      ],
      [
        0.0,
        0.0,
        1.0
      ]
    ],
    [
      [
        680.0414428710938,
        0.0,
        384.0
      ],
      [
        0.0,
        680.0414428710938,
        256.0
      ],
      [
        0.0,
        0.0,
        1.0
      ]
    ],
    [
      [
        680.0414428710938,
        0.0,
        384.0
      ],
      [
        0.0,
        680.0414428710938,
        256.0
      ],
      [
        0.0,
        0.0,
        1.0
      ]
    ],
    [
      [
        680.0414428710938,
        0.0,
        384.0
      ],
      [
        0.0,
        680.0414428710938,
        256.0
      ],
      [
        0.0,
        0.0,
        1.0
      ]
    ],
    [
      [
        680.0414428710938,
        0.0,
        384.0
      ],
      [
        0.0,
        680.0414428710938,
        256.0
      ],
      [
        0.0,
        0.0,
        1.0
      ]
    ],
    [
      [
        680.0414428710938,
        0.0,
        384.0
      ],
      [
        0.0,
        680.0414428710938,
        256.0
      ],
      [
        0.0,
        0.0,
        1.0
      ]
    ],
    [
      [
        680.0414428710938,
        0.0,
        384.0
      ],
      [
        0.0,
        680.0414428710938,
        256.0
      ],
      [
        0.0,
        0.0,
        1.0
      ]
    ],
    [
      [
        680.0414428710938,
        0.0,
        384.0
      ],
      [
        0.0,
        680.0414428710938,
        256.0
      ],
      [
        0.0,
        0.0,
        1.0
      ]
    ],
    [
      [
        680.0414428710938,
        0.0,
        384.0
      ],
      [
        0.0,
        680.0414428710938,
        256.0
      ],
      [
        0.0,
        0.0,
        1.0
      ]
    ],
    [
      [
        680.0414428710938,
        0.0,
        384.0
      ],
      [
        0.0,
        680.0414428710938,
        256.0
      ],
      [
        0.0,
        0.0,
        1.0
      ]
    ],
    [
      [
        680.0414428710938,
        0.0,
        384.0
      ],
      [
        0.0,
        680.0414428710938,
        256.0
      ],
      [
        0.0,
        0.0,
        1.0
      ]
    ],
    [
      [
        680.0414428710938,
        0.0,
        384.0
      ],
      [
        0.0,
        680.0414428710938,
        256.0
      ],
      [
        0.0,
        0.0,
        1.0
      ]
    ],
    [
      [
        680.0414428710938,
        0.0,
        384.0
      ],
      [
        0.0,
        680.0414428710938,
        256.0
      ],
      [
        0.0,
        0.0,
        1.0
      ]
    ],
    [
      [
        680.0414428710938,
        0.0,
        384.0
      ],
      [
        0.0,
        680.0414428710938,
        256.0
      ],
      [
        0.0,
        0.0,
        1.0
      ]
    ],
    [
      [
        680.0414428710938,
        0.0,
        384.0
      ],
      [
        0.0,
        680.0414428710938,
        256.0
      ],
      [
        0.0,
        0.0,
        1.0
      ]
    ],
    [
      [
        680.0414428710938,
        0.0,
        384.0
      ],
      [
        0.0,
        680.0414428710938,
        256.0
      ],
      [
        0.0,
        0.0,
        1.0
      ]
    ],
    [
      [
        680.0414428710938,
        0.0,
        384.0
      ],
      [
        0.0,
        680.0414428710938,
        256.0
      ],
      [
        0.0,
        0.0,
        1.0
      ]
    ],
    [
      [
        680.0414428710938,
        0.0,
        384.0
      ],
      [
        0.0,
        680.0414428710938,
        256.0
      ],
      [
        0.0,
        0.0,
        1.0
      ]
    ],
    [
      [
        680.0414428710938,
        0.0,
        384.0
      ],
      [
        0.0,
        680.0414428710938,
        256.0
      ],
      [
        0.0,
        0.0,
        1.0
      ]
    ],
    [
      [
        680.0414428710938,
        0.0,
        384.0
      ],
      [
        0.0,
        680.0414428710938,
        256.0
      ],
      [
        0.0,
        0.0,
        1.0
      ]
    ],
    [
      [
        680.0414428710938,
        0.0,
        384.0
      ],
      [
        0.0,
        680.0414428710938,
        256.0
      ],
      [
        0.0,
        0.0,
        1.0
      ]
    ]
  ],
  "width": 768,
  "height": 512
}