{
  "id": 9,
  "type": "reconstruct",
  "width": 832,
  "height": 480,
  "intrinsic": [
    [
      [
        240.17770385742188,
        0.0,
        416.0
      ],
      [
        0.0,
        240.0,
        240.0
      ],
      [
        0.0,
        0.0,
        1.0
      ]
    ],
    [
      [
        240.17770385742188,
        0.0,
        416.0
      ],
      [
        0.0,
        240.0,
        240.0
      ],
      [
        0.0,
        0.0,
        1.0
      ]
    ],
    [
      [
        240.17770385742188,
        0.0,
        416.0
      ],
      [
        0.0,
        240.0,
        240.0
      ],
      [
        0.0,
        0.0,
        1.0
      ]
    ],
    [
      [
        240.17770385742188,
        0.0,
        416.0
      ],
      [
        0.0,
        240.0,
        240.0
      ],
      [
        0.0,
        0.0,
        1.0
      ]
    ],
    [
      [
        240.17770385742188,
        0.0,
        416.0
      ],
      [
        0.0,
        240.0,
        240.0
      ],
      [
        0.0,
        0.0,
        1.0
      ]
    ],
    [
      [
        240.17770385742188,
        0.0,
        416.0
      ],
      [
        0.0,
        240.0,
        240.0
      ],
      [
        0.0,
        0.0,
        1.0
      ]
    ],
    [
      [
        240.17770385742188,
        0.0,
        416.0
      ],
      [
        0.0,
        240.0,
        240.0
      ],
      [
        0.0,
        0.0,
        1.0
      ]
    ],
    [
      [
        240.17770385742188,
        0.0,
        416.0
      ],
      [
        0.0,
        240.0,
        240.0
      ],
      [
        0.0,
        0.0,
        1.0
      ]
    ],
    [
      [
        240.17770385742188,
        0.0,
        416.0
      ],
      [
        0.0,
        240.0,
        240.0
      ],
      [
        0.0,
        0.0,
        1.0
      ]
    ],
    [
      [
        240.17770385742188,
        0.0,
        416.0
      ],
      [
        0.0,
        240.0,
        240.0
      ],
      [
        0.0,
        0.0,
        1.0
      ]
    ],
    [
      [
        240.17770385742188,
        0.0,
        416.0
      ],
      [
        0.0,
        240.0,
        240.0
      ],
      [
        0.0,
        0.0,
        1.0
      ]
    ],
    [
      [
        240.17770385742188,
        0.0,
        416.0
      ],
      [
        0.0,
        240.0,
        240.0
      ],
      [
        0.0,
        0.0,
        1.0
      ]
    ],
    [
      [
        240.17770385742188,
        0.0,
        416.0
      ],
      [
        0.0,
        240.0,
        240.0
      ],
      [
        0.0,
        0.0,
        1.0
      ]
    ],
    [
      [
        240.17770385742188,
        0.0,
        416.0
      ],
      [
        0.0,
        240.0,
        240.0
      ],
      [
        0.0,
        0.0,
        1.0
      ]
    ],
    [
      [
        240.17770385742188,
        0.0,
        416.0
      ],
      [
        0.0,
        240.0,
        240.0
      ],
      [
        0.0,
        0.0,
        1.0
      ]
    ],
    [
      [
        240.17770385742188,
        0.0,
        416.0
      ],
      [
        0.0,
        240.0,
        240.0
      ],
      [
        0.0,
        0.0,
        1.0
      ]
    ],
    [
      [
        240.17770385742188,
        0.0,
        416.0
      ],
      [
        0.0,
        240.0,
        240.0
      ],
      [
        0.0,
        0.0,
        1.0
      ]
    ],
    [
      [
        240.17770385742188,
        0.0,
        416.0
      ],
      [
        0.0,
        240.0,
        240.0
      ],
      [
        0.0,
        0.0,
        1.0
      ]
    ],
    [
      [
        240.17770385742188,
        0.0,
        416.0
      ],
      [
        0.0,
        240.0,
        240.0
      ],
      [
        0.0,
        0.0,
        1.0
      ]
    ],
    [
      [
        240.17770385742188,
        0.0,
        416.0
      ],
      [
        0.0,
        240.0,
        240.0
      ],
      [
        0.0,
        0.0,
        1.0
      ]
    ],
    [
      [
        240.17770385742188,
        0.0,
        416.0
      ],
      [
        0.0,
        240.0,
        240.0
      ],
      [
        0.0,
        0.0,
        1.0
      ]
    ]
  ],
  "extrinsic": [
    [
      [
        0.22385413085174044,
        -0.9746226593408405,
        -3.0859976918232765e-19,
        -0.013050132078791393
      ],
      [
        -0.0110655051585711,
        -0.002541556997435988,
        -0.9999355454646137,
        0.024253263918169978
      ],
      [
        0.9745598404901556,
        0.2238397024377421,
        -0.011353630097267545,
        -2.1360305450808315
      ],
      [
        0.0,
        0.0,
        0.0,
        1.0
      ]
    ],
    [
      [
        0.3631621598822462,
        -0.9317244876897319,
        -0.001650657132146894,
        -0.45388258890101096
      ],
      [
        -0.055014333993070035,
        -0.019674578989874632,
        -0.9982917078674297,
        0.16573662368219919
      ],
      [
        0.9301003540935571,
        0.3626325826244482,
        -0.05840326475602165,
        -2.0867768677869196
      ],
      [
        0.0,
        0.0,
        0.0,
        1.0
      ]
    ],
    [
      [
        0.41003560523735694,
        -0.9120669873649383,
        -0.002147788788424221,
        -0.6057204359478902
      ],
      [
        -0.10008385116863937,
        -0.042653558126214484,
        -0.9940643322815816,
        0.3144969060343859
      ],
      [
        0.9065616499570713,
        0.40781672910538985,
        -0.10877265414107078,
        -2.036333859560016
      ],
      [
        0.0,
        0.0,
        0.0,
        1.0
      ]
    ],
    [
      [
        0.4400175592342785,
        -0.8979857392103358,
        -0.0024818824256543836,
        -0.7038342643054334
      ],
      [
        -0.15355767629454994,
        -0.07252035101473944,
        -0.985474930548574,
        0.49278621313583587
      ],
      [
        0.8847624469972298,
        0.4340073857246735,
        -0.1698028313071017,
        -1.9758382882809324
      ],
      [
        0.0,
        0.0,
        0.0,
        1.0
      ]
    ],
    [
      [
        0.4519110979329551,
        -0.892058957662502,
        -0.002678734612009799,
        -0.7429582043430625
      ],
      [
        -0.2112126250915212,
        -0.10408046686527578,
        -0.9718829576749739,
        0.6846212138065064
      ],
      [
        0.8666980942444603,
        0.4397704770345513,
        -0.23544923223876457,
        -1.9115131768415698
      ],
      [
        0.0,
        0.0,
        0.0,
        1.0
      ]
    ],
    [
      [
        0.44539074965051595,
        -0.8953321610065053,
        -0.0027205869170472616,
        -0.7214543404835423
      ],
      [
        -0.2695691976994413,
        -0.1312006741261162,
        -0.9540014836259598,
        0.8755928109192515
      ],
      [
        0.8537912671007073,
        0.42563682239237066,
        -0.29978953892071447,
        -1.8492449701913891
      ],
      [
        0.0,
        0.0,
        0.0,
        1.0
      ]
    ],
    [
      [
        0.4207065293996335,
        -0.9071931891362858,
        -0.002556111353279111,
        -0.6404942874719198
      ],
      [
        -0.32535719429373045,
        -0.14825149936694368,
        -0.9338973118372087,
        1.0522597147463997
      ],
      [
        0.8468463333107293,
        0.39372834609688456,
        -0.35753220447672235,
        -1.7940801641903714
      ],
      [
        0.0,
        0.0,
        0.0,
        1.0
      ]
    ],
    [
      [
        0.378892444958408,
        -0.9254382656656014,
        -0.0021287543971683187,
        -0.504609648431023
      ],
      [
        -0.37492060809130084,
        -0.1513959474835315,
        -0.9146112861287098,
        1.2012365381409265
      ],
      [
        0.8460939976042191,
        0.34733742028092435,
        -0.4043286580131361,
        -1.7499842684305358
      ],
      [
        0.0,
        0.0,
        0.0,
        1.0
      ]
    ],
    [
      [
        0.32234519498602593,
        -0.9466211325814604,
        -0.0014165520160563199,
        -0.3231713106213916
      ],
      [
        -0.4140149761582361,
        -0.13963511941499696,
        -0.8994963218060731,
        1.3092725307196846
      ],
      [
        0.8512844264910031,
        0.2905347909909462,
        -0.43692603543132,
        -1.7197900659501775
      ],
      [
        0.0,
        0.0,
        0.0,
        1.0
      ]
    ],
    [
      [
        0.2553671968034568,
        -0.9668440267404802,
        -0.0004719671580528045,
        -0.11149129565457645
      ],
      [
        -0.4382888893200039,
        -0.1153276932163113,
        -0.8914047187871745,
        1.3650192661155574
      ],
      [
        0.8617948968840451,
        0.227842382215553,
        -0.4532079043562238,
        -1.7052546959740824
      ],
      [
        0.0,
        0.0,
        0.0,
        1.0
      ]
    ],
    [
      [
        0.1841346785737066,
        -0.9829008593658687,
        0.0005663959696384385,
        0.11001251847528914
      ],
      [
        -0.4443468198652968,
        -0.08375701792615674,
        -0.8919308637017305,
        1.3619116411302612
      ],
      [
        0.8767270520647545,
        0.1639837266497933,
        -0.45217144267621606,
        -1.7071555745640667
      ],
      [
        0.0,
        0.0,
        0.0,
        1.0
      ]
    ],
    [
      [
        0.11582561089611851,
        -0.9932684067404968,
        0.0015165855516594345,
        0.31906452261673135
      ],
      [
        -0.430815767631399,
        -0.05161332644725544,
        -0.9009627289145855,
        1.3003443506151684
      ],
      [
        0.894976090306724,
        0.10370118950254908,
        -0.43389383618005806,
        -1.7253620150021356
      ],
      [
        0.0,
        0.0,
        0.0,
        1.0
      ]
    ],
    [
      [
        0.05725460356277475,
        -0.9983571215311666,
        0.002228959145567244,
        0.4957656138647031
      ],
      [
        -0.39875826577409085,
        -0.0249150047422754,
        -0.916717561747091,
        1.1875108842944084
      ],
      [
        0.9152670407305776,
        0.05159748469349548,
        -0.3995296531242649,
        -1.7588381054252382
      ],
      [
        0.0,
        0.0,
        0.0,
        1.0
      ]
    ],
    [
      [
        0.013743654582745094,
        -0.9999020745219782,
        0.0026369158791549685,
        0.6255403912707269
      ],
      [
        -0.3512753048730445,
        -0.0072973171283468264,
        -0.9362437766677424,
        1.0350572654847736
      ],
      [
        0.9361713369597787,
        0.011941127642391495,
        -0.35134119787689033,
        -1.805575863509416
      ],
      [
        0.0,
        0.0,
        0.0,
        1.0
      ]
    ],
    [
      [
        -0.01129331460583864,
        -0.9999324352939539,
        0.002754249864419654,
        0.6996612484028557
      ],
      [
        -0.29273179649942244,
        0.0006723595300045206,
        -0.9561943543291199,
        0.8563048605221265
      ],
      [
        0.9561278974925028,
        -0.01160486017858536,
        -0.2927196113293422,
        -1.8625051969281032
      ],
      [
        0.0,
        0.0,
        0.0,
        1.0
      ]
    ],
    [
      [
        -0.016157915288962064,
        -0.9998659665815967,
        0.0026401979781580983,
        0.7140498103032784
      ],
      [
        -0.22815024964264,
        0.0011160184512025917,
        -0.9736252965544893,
        0.6647070463608012
      ],
      [
        0.9734918517180899,
        -0.016334116892740835,
        -0.2281377024163663,
        -1.9254506998907026
      ],
      [
        0.0,
        0.0,
        0.0,
        1.0
      ]
    ],
    [
      [
        -0.0005217315181773008,
        -0.9999970740014911,
        0.0023621567854517547,
        0.6679068937125241
      ],
      [
        -0.16298004408874778,
        -0.002245541959237136,
        -0.9866268102834724,
        0.47391216840973044
      ],
      [
        0.9866292277370727,
        -0.0008997387206410626,
        -0.16297839563936628,
        -1.9892129296502359
      ],
      [
        0.0,
        0.0,
        0.0,
        1.0
      ]
    ],
    [
      [
        0.034679383768145965,
        -0.9993965561835221,
        0.0019656627323426917,
        0.5633510795601909
      ],
      [
        -0.10305985138956382,
        -0.005532556365401977,
        -0.9946597698970359,
        0.29862869187489455
      ],
      [
        0.9940704237492545,
        0.034291606969917794,
        -0.1031895262049303,
        -2.0478558876789696
      ],
      [
        0.0,
        0.0,
        0.0,
        1.0
      ]
    ],
    [
      [
        0.08700409453718899,
        -0.996206890207261,
        0.0014558287473949347,
        0.4063586017262787
      ],
      [
        -0.05440318822978658,
        -0.0062105018672432835,
        -0.9984997359924492,
        0.15498956745326384
      ],
      [
        0.9947213582929633,
        0.08679436370027037,
        -0.05473717005533701,
        -2.0952629042720856
      ],
      [
        0.0,
        0.0,
        0.0,
        1.0
      ]
    ],
    [
      [
        0.15213530059135316,
        -0.988359348681923,
        0.0008051006296249208,
        0.2083509755213048
      ],
      [
        -0.022489973847345357,
        -0.004276186155078456,
        -0.999737923312061,
        0.05922073091890236
      ],
      [
        0.9881037654974929,
        0.15207732278355085,
        -0.022878734769723175,
        -2.1259533173205782
      ],
      [
        0.0,
        0.0,
        0.0,
        1.0
      ]
    ],
    [
      [
        0.22385413085174036,
        -0.9746226593408402,
        -2.6249809362757497e-17,
        -0.013050132078791273
      ],
      [
        -0.011065505158571205,
        -0.0025415569974359536,
        -0.9999355454646135,
        0.02425326391817018
      ],
      [
        0.9745598404901556,
        0.223839702437742,
        -0.01135363009726757,
        -2.1360305450808315
      ],
      [
        0.0,
        0.0,
        0.0,
        1.0
      ]
    ]
  ],
  "eloop_rotation": 0.5
}