{
  "id": 9,
  "type": "reconstruct",
  "width": 832,
  "height": 480,
  "intrinsic": [
    [
      [
        240.17770385742188,
        0.0,
        416.0
      ],
      [
        0.0,
        240.0,
        240.0
      ],
      [
        0.0,
        0.0,
        1.0
      ]
    ],
    [
      [
        240.17770385742188,
        0.0,
        416.0
      ],
      [
        0.0,
        240.0,
        240.0
      ],
      [
        0.0,
        0.0,
        1.0
      ]
    ],
    [
      [
        240.17770385742188,
        0.0,
        416.0
      ],
      [
        0.0,
        240.0,
        240.0
      ],
      [
        0.0,
        0.0,
        1.0
      ]
    ],
    [
      [
        240.17770385742188,
        0.0,
        416.0
      ],
      [
        0.0,
        240.0,
        240.0
      ],
      [
        0.0,
        0.0,
        1.0
      ]
    ],
    [
      [
        240.17770385742188,
        0.0,
        416.0
      ],
      [
        0.0,
        240.0,
        240.0
      ],
      [
        0.0,
        0.0,
        1.0
      ]
    ],
    [
      [
        240.17770385742188,
        0.0,
        416.0
      ],
      [
        0.0,
        240.0,
        240.0
      ],
      [
        0.0,
        0.0,
        1.0
      ]
    ],
    [
      [
        240.17770385742188,
        0.0,
        416.0
      ],
      [
        0.0,
        240.0,
        240.0
      ],
      [
        0.0,
        0.0,
        1.0
      ]
    ],
    [
      [
        240.17770385742188,
        0.0,
        416.0
      ],
      [
        0.0,
        240.0,
        240.0
      ],
      [
        0.0,
        0.0,
        1.0
      ]
    ],
    [
      [
        240.17770385742188,
        0.0,
        416.0
      ],
      [
        0.0,
        240.0,
        240.0
      ],
      [
        0.0,
        0.0,
        1.0
      ]
    ],
    [
      [
        240.17770385742188,
        0.0,
        416.0
      ],
      [
        0.0,
        240.0,
        240.0
      ],
      [
        0.0,
        0.0,
        1.0
      ]
    ],
    [
      [
        240.17770385742188,
        0.0,
        416.0
      ],
      [
        0.0,
        240.0,
        240.0
      ],
      [
        0.0,
        0.0,
        1.0
      ]
    ],
    [
      [
        240.17770385742188,
        0.0,
        416.0
      ],
      [
        0.0,
        240.0,
        240.0
      ],
      [
        0.0,
        0.0,
        1.0
      ]
    ],
    [
      [
        240.17770385742188,
        0.0,
        416.0
      ],
      [
        0.0,
        240.0,
        240.0
      ],
      [
        0.0,
        0.0,
        1.0
      ]
    ],
    [
      [
        240.17770385742188,
        0.0,
        416.0
      ],
      [
        0.0,
        240.0,
        240.0
      ],
      [
        0.0,
        0.0,
        1.0
      ]
    ],
    [
      [
        240.17770385742188,
        0.0,
        416.0
      ],
      [
        0.0,
        240.0,
        240.0
      ],
      [
        0.0,
        0.0,
        1.0
      ]
    ],
    [
      [
        240.17770385742188,
        0.0,
        416.0
      ],
      [
        0.0,
        240.0,
        240.0
      ],
      [
        0.0,
        0.0,
        1.0
      ]
    ],
    [
      [
        240.17770385742188,
        0.0,
        416.0
      ],
      [
        0.0,
        240.0,
        240.0
      ],
      [
        0.0,
        0.0,
        1.0
      ]
    ],
    [
      [
        240.17770385742188,
        0.0,
        416.0
      ],
      [
        0.0,
        240.0,
        240.0
      ],
      [
        0.0,
        0.0,
        1.0
      ]
    ],
    [
      [
        240.17770385742188,
        0.0,
        416.0
      ],
      [
        0.0,
        240.0,
        240.0
      ],
      [
        0.0,
        0.0,
        1.0
      ]
    ],
    [
      [
        240.17770385742188,
        0.0,
        416.0
      ],
      [
        0.0,
        240.0,
        240.0
      ],
      [
        0.0,
        0.0,
        1.0
      ]
    ],
    [
      [
        240.17770385742188,
        0.0,
        416.0
      ],
      [
        0.0,
        240.0,
        240.0
      ],
      [
        0.0,
        0.0,
        1.0
      ]
    ]
  ],
  "extrinsic": [
    [
      [
        0.7660318274339403,
        0.6428026441748804,
        6.665819233086639e-18,
        1.9779561445084597
      ],
      [
        -0.13174754861607435,
        0.15700435637731494,
        -0.9787707676019957,
        -0.2502252732219542
      ],
      [
        -0.6291564374556403,
        0.7497695597450772,
        0.2049580066447754,
        -1.1949432313193038
      ],
      [
        0.0,
        0.0,
        0.0,
        1.0
      ]
    ],
    [
      [
        0.6664229349419964,
        0.7449782285895048,
        0.029797830641488433,
        1.6409156878725564
      ],
      [
        -0.09697383949757189,
        0.1262365301189298,
        -0.9872489113271441,
        -0.13489887344765497
      ],
      [
        -0.739240519882666,
        0.6550357069589228,
        0.15637031806717502,
        -1.4568902745901309
      ],
      [
        0.0,
        0.0,
        0.0,
        1.0
      ]
    ],
    [
      [
        0.6282816270666195,
        0.7769501262184841,
        0.04013350794040233,
        1.514886280225079
      ],
      [
        -0.05616223468359317,
        0.09674662186574404,
        -0.9937232484715811,
        -0.002834607544564643
      ],
      [
        -0.7759561846430929,
        0.6220840719120271,
        0.10441938032513857,
        -1.5279745209977087
      ],
      [
        0.0,
        0.0,
        0.0,
        1.0
      ]
    ],
    [
      [
        0.6025454633415557,
        0.7967110871877328,
        0.04680179653230555,
        1.4306429181611273
      ],
      [
        -0.004934944192556596,
        0.06236095170029366,
        -0.9980414610770686,
        0.1611413882195425
      ],
      [
        -0.7980693020861827,
        0.6011343903447671,
        0.041507033289536435,
        -1.556159604198275
      ],
      [
        0.0,
        0.0,
        0.0,
        1.0
      ]
    ],
    [
      [
        0.5920248820140407,
        0.8044041935151889,
        0.04940073411843185,
        1.3964108245226363
      ],
      [
        0.05032977884882227,
        0.024275195065790383,
        -0.998437593575856,
        0.33756747025552963
      ],
      [
        -0.8043465996927506,
        0.5935862265582791,
        -0.026113965669992308,
        -1.5411175769455798
      ],
      [
        0.0,
        0.0,
        0.0,
        1.0
      ]
    ],
    [
      [
        0.5977930353539848,
        0.8002224166369449,
        0.047828556260849746,
        1.4152388521958237
      ],
      [
        0.10256055997283674,
        -0.01717114172576865,
        -0.9945785456312093,
        0.5056025531750392
      ],
      [
        -0.7950627764021703,
        0.5994574512036375,
        -0.09233604808584248,
        -1.4863908359794498
      ],
      [
        0.0,
        0.0,
        0.0,
        1.0
      ]
    ],
    [
      [
        0.6192039367336998,
        0.7840944813397243,
        0.04221763927645354,
        1.4852185712152843
      ],
      [
        0.14503687288668576,
        -0.06136579319859928,
        -0.9875214149213969,
        0.6456282351763502
      ],
      [
        -0.7717193727234918,
        0.6176002621094774,
        -0.15172055235058013,
        -1.3984173988680964
      ],
      [
        0.0,
        0.0,
        0.0,
        1.0
      ]
    ],
    [
      [
        0.6538553869223624,
        0.755901843912694,
        0.032947463665609286,
        1.5993123008890104
      ],
      [
        0.1723232038033946,
        -0.10637580864926997,
        -0.9792797867643076,
        0.7414538979108617
      ],
      [
        -0.7367345834311982,
        0.6459849763760788,
        -0.19981382302747652,
        -1.2855711535570022
      ],
      [
        0.0,
        0.0,
        0.0,
        1.0
      ]
    ],
    [
      [
        0.6976382182746866,
        0.7161508043726438,
        0.020710910142631163,
        1.7452172624279523
      ],
      [
        0.1811993919227371,
        -0.1483999993971362,
        -0.9721852809756794,
        0.782656337267905
      ],
      [
        -0.6931577719172966,
        0.6819864115767597,
        -0.23329560144868472,
        -1.1573397422193326
      ],
      [
        0.0,
        0.0,
        0.0,
        1.0
      ]
    ],
    [
      [
        0.7451934843009126,
        0.6668161306884949,
        0.006551244850352956,
        1.9063321698840687
      ],
      [
        0.17144605695435555,
        -0.1820853284230801,
        -0.9682206270927419,
        0.7668494343976667
      ],
      [
        -0.6444322466406137,
        0.7226348877729908,
        -0.25001179664777395,
        -1.023678246526199
      ],
      [
        0.0,
        0.0,
        0.0,
        1.0
      ]
    ],
    [
      [
        0.7909390092931197,
        0.6118398964350343,
        -0.008211255006692637,
        2.064544153935442
      ],
      [
        0.1460338278335107,
        -0.20177878759401824,
        -0.9684830623224037,
        0.7006439531930093
      ],
      [
        -0.5942134336303,
        0.7648119128305042,
        -0.24894403645364635,
        -0.8945352742321735
      ],
      [
        0.0,
        0.0,
        0.0,
        1.0
      ]
    ],
    [
      [
        0.8303384636740532,
        0.5568182530365905,
        -0.02216909625338706,
        2.204099035763616
      ],
      [
        0.11030863784041738,
        -0.20322926961920398,
        -0.9728976659381171,
        0.5979207232796981
      ],
      [
        -0.5462325879707326,
        0.8053889104372645,
        -0.230170942526357,
        -0.7795065080099022
      ],
      [
        0.0,
        0.0,
        0.0,
        1.0
      ]
    ],
    [
      [
        0.8607352757926731,
        0.507912555135495,
        -0.034053213384986965,
        2.3145402963831274
      ],
      [
        0.07032468444646209,
        -0.18489641698254497,
        -0.9802386208186872,
        0.47549703245908154
      ],
      [
        -0.5041718196841393,
        0.8413311781473151,
        -0.19486565863084782,
        -0.6875134020794635
      ],
      [
        0.0,
        0.0,
        0.0,
        1.0
      ]
    ],
    [
      [
        0.8813165363655057,
        0.4705756576495094,
        -0.04289187751124533,
        2.391153991499985
      ],
      [
        0.031081813523309094,
        -0.1483066833760535,
        -0.9884528559997674,
        0.3481653958817492
      ],
      [
        -0.4715030048650913,
        0.869806690071838,
        -0.1453314773525098,
        -0.6263842532188915
      ],
      [
        0.0,
        0.0,
        0.0,
        1.0
      ]
    ],
    [
      [
        0.8923813660590014,
        0.4487166174505392,
        -0.04805095976582264,
        2.433155332082297
      ],
      [
        -0.0045304241888689594,
        -0.09756349521349499,
        -0.995218990804735,
        0.22550918370720432
      ],
      [
        -0.4512593187595567,
        0.8883325737726117,
        -0.0850309685184642,
        -0.6022711301225682
      ],
      [
        0.0,
        0.0,
        0.0,
        1.0
      ]
    ],
    [
      [
        0.8944480250902785,
        0.4444589034391291,
        -0.04918346841965975,
        2.4411438501502065
      ],
      [
        -0.03577450817397191,
        -0.03851207895343061,
        -0.9986175465810697,
        0.11159059354817484
      ],
      [
        -0.44573861732747716,
        0.8949710067529404,
        -0.018546754287939105,
        -0.6189221181119697
      ],
      [
        0.0,
        0.0,
        0.0,
        1.0
      ]
    ],
    [
      [
        0.8876424696390359,
        0.45821315745448243,
        -0.04616869533251314,
        2.4152728717013283
      ],
      [
        -0.06328696671318426,
        0.02206684778750025,
        -0.997751378888031,
        0.007050703224418245
      ],
      [
        -0.4561640121023984,
        0.8885683747266255,
        0.04858639211061028,
        -0.6768981179422522
      ],
      [
        0.0,
        0.0,
        0.0,
        1.0
      ]
    ],
    [
      [
        0.8715587098626818,
        0.48872843580769615,
        -0.03911433618840733,
        2.3548426713357165
      ],
      [
        -0.08786441330999935,
        0.077206766784103,
        -0.9931359222364451,
        -0.08754818863485216
      ],
      [
        -0.48235387438703836,
        0.8690130213038856,
        0.11023206733117864,
        -0.772891936129342
      ],
      [
        0.0,
        0.0,
        0.0,
        1.0
      ]
    ],
    [
      [
        0.8456243578754095,
        0.5330202950362306,
        -0.02843959295227405,
        2.2594436906606994
      ],
      [
        -0.10921558521415338,
        0.1206235591043978,
        -0.9866721405488846,
        -0.16843905646690058
      ],
      [
        -0.5224857905380121,
        0.8374600420727413,
        0.1602163431657055,
        -0.8993808921205626
      ],
      [
        0.0,
        0.0,
        0.0,
        1.0
      ]
    ],
    [
      [
        0.8099008837476748,
        0.5863754301054063,
        -0.014980436356618783,
        2.1313245159692267
      ],
      [
        -0.12515212077728224,
        0.14779608911947634,
        -0.9810674098684229,
        -0.22686919077961076
      ],
      [
        -0.573059774517182,
        0.7964421956486782,
        0.19308631184169658,
        -1.0448730759432017
      ],
      [
        0.0,
        0.0,
        0.0,
        1.0
      ]
    ],
    [
      [
        0.7660318274339398,
        0.6428026441748804,
        -1.2035816330678e-16,
        1.977956144508459
      ],
      [
        -0.1317475486160744,
        0.1570043563773148,
        -0.9787707676019958,
        -0.25022527322195437
      ],
      [
        -0.6291564374556403,
        0.749769559745077,
        0.20495800664477523,
        -1.1949432313193038
      ],
      [
        0.0,
        0.0,
        0.0,
        1.0
      ]
    ]
  ],
  "eloop_rotation": 0.5
}