{
  "extrinsic": [
    [
      [
        -0.8660253882408142,
        -0.5,
        -0.0,
        -0.0
      ],
      [
        -0.0,
        -0.0,
        -1.0,
        -0.0
      ],
      [
        0.5,
        -0.8660253882408142,
        -0.0,
        -0.0
      ],
      [
        0.0,
        0.0,
        0.0,
        1.0
      ]
    ],
    [
      [
        -0.9135454893112183,
        -0.40673667192459106,
        -0.0,
        0.08128425478935242
      ],
      [
        -0.0,
        -0.0,
        -1.0,
        -0.0
      ],
      [
        0.4067366421222687,
        -0.9135454297065735,
        -0.0,
        0.004259972833096981
      ],
      [
        0.0,
        0.0,
        0.0,
        1.0
      ]
    ],
    [
      [
        -0.9510564804077148,
        -0.30901697278022766,
        -0.0,
        0.16167792677879333
      ],
      [
        -0.0,
        -0.0,
        -1.0,
        -0.0
      ],
      [
        0.30901697278022766,
        -0.9510564804077148,
        -0.0,
        0.016993029043078423
      ],
      [
        0.0,
        0.0,
        0.0,
        1.0
      ]
    ],
    [
      [
        -0.978147566318512,
        -0.2079116851091385,
        -0.0,
        0.240300253033638
      ],
      [
        -0.0,
        -0.0,
        -1.0,
        -0.0
      ],
      [
        0.2079116851091385,
        -0.978147566318512,
        -0.0,
        0.038059815764427185
      ],
      [
        0.0,
        0.0,
        0.0,
        1.0
      ]
    ],
    [
      [
        -0.9945219159126282,
        -0.10452846437692642,
        -0.0,
        0.3162898123264313
      ],
      [
        -0.0,
        -0.0,
        -1.0,
        -0.0
      ],
      [
        0.10452846437692642,
        -0.9945219159126282,
        -0.0,
        0.06722944974899292
      ],
      [
        0.0,
        0.0,
        0.0,
        1.0
      ]
    ],
    [
      [
        -1.0,
        -0.0,
        -0.0,
        0.3888140022754669
      ],
      [
        -0.0,
        -0.0,
        -1.0,
        -0.0
      ],
      [
        -0.0,
        -1.0,
        -0.0,
        0.10418237745761871
      ],
      [
        0.0,
        0.0,
        0.0,
        1.0
      ]
    ],
    [
      [
        -0.9945219159126282,
        0.10452846437692642,
        -0.0,
        0.4570782780647278
      ],
      [
        -0.0,
        -0.0,
        -1.0,
        -0.0
      ],
      [
        -0.10452844947576523,
        -0.9945219159126282,
        -0.0,
        0.14851373434066772
      ],
      [
        0.0,
        0.0,
        0.0,
        1.0
      ]
    ],
    [
      [
        -0.978147566318512,
        0.20791170001029968,
        -0.0,
        0.5203346610069275
      ],
      [
        -0.0,
        -0.0,
        -1.0,
        -0.0
      ],
      [
        -0.20791170001029968,
        -0.9781476259231567,
        -0.0,
        0.1997377872467041
      ],
      [
        0.0,
        0.0,
        0.0,
        1.0
      ]
    ],
    [
      [
        -0.9510565400123596,
        0.30901697278022766,
        -0.0,
        0.5778902769088745
      ],
      [
        -0.0,
        -0.0,
        -1.0,
        -0.0
      ],
      [
        -0.30901697278022766,
        -0.9510564804077148,
        -0.0,
        0.25729331374168396
      ],
      [
        0.0,
        0.0,
        0.0,
        1.0
      ]
    ],
    [
      [
        -0.9135454297065735,
        0.4067366123199463,
        -0.0,
        0.6291142702102661
      ],
      [
        -0.0,
        -0.0,
        -1.0,
        -0.0
      ],
      [
        -0.4067366421222687,
        -0.9135454893112183,
        -0.0,
        0.32054975628852844
      ],
      [
        0.0,
        0.0,
        0.0,
        1.0
      ]
    ],
    [
      [
        -0.866025447845459,
        0.5,
        -0.0,
        0.6734455823898315
      ],
      [
        -0.0,
        -0.0,
        -1.0,
        -0.0
      ],
      [
        -0.5,
        -0.866025447845459,
        -0.0,
        0.38881397247314453
      ],
      [
        0.0,
        0.0,
        0.0,
        1.0
      ]
    ],
    [
      [
        -0.8090170621871948,
        0.5877852439880371,
        -0.0,
        0.7103984951972961
      ],
      [
        -0.0,
        -0.0,
        -1.0,
        -0.0
      ],
      [
        -0.5877852439880371,
        -0.80901700258255,
        -0.0,
        0.4613381624221802
      ],
      [
        0.0,
        0.0,
        0.0,
        1.0
      ]
    ],
    [
      [
        -0.7431448101997375,
        0.6691305637359619,
        -0.0,
        0.7395681738853455
      ],
      [
        -0.0,
        -0.0,
        -1.0,
        -0.0
      ],
      [
        -0.6691306233406067,
        -0.7431448698043823,
        -0.0,
        0.5373277068138123
      ],
      [
        0.0,
        0.0,
        0.0,
        1.0
      ]
    ],
    [
      [
        -0.6691306233406067,
        0.7431448101997375,
        0.0,
        0.7606350183486938
      ],
      [
        -0.0,
        -0.0,
        -1.0,
        -0.0
      ],
      [
        -0.7431448101997375,
        -0.6691306233406067,
        -0.0,
        0.6159500479698181
      ],
      [
        0.0,
        0.0,
        0.0,
        1.0
      ]
    ],
    [
      [
        -0.5877852439880371,
        0.80901700258255,
        0.0,
        0.7733680009841919
      ],
      [
        -0.0,
        -0.0,
        -1.0,
        -0.0
      ],
      [
        -0.80901700258255,
        -0.5877852439880371,
        -0.0,
        0.6963437795639038
      ],
      [
        0.0,
        0.0,
        0.0,
        1.0
      ]
    ],
    [
      [
        -0.5,
        0.8660253882408142,
        0.0,
        0.7776279449462891
      ],
      [
        -0.0,
        -0.0,
        -1.0,
        -0.0
      ],
      [
        -0.8660253882408142,
        -0.5,
        -0.0,
        0.7776279449462891
      ],
      [
        0.0,
        0.0,
        0.0,
        1.0
      ]
    ],
    [
      [
        -0.4067366421222687,
        0.9135454297065735,
        0.0,
        0.7733680605888367
      ],
      [
        -0.0,
        -0.0,
        -1.0,
        -0.0
      ],
      [
        -0.9135454893112183,
        -0.40673667192459106,
        -0.0,
        0.8589122891426086
      ],
      [
        0.0,
        0.0,
        0.0,
        1.0
      ]
    ],
    [
      [
        -0.30901697278022766,
        0.9510564804077148,
        0.0,
        0.7606349587440491
      ],
      [
        -0.0,
        -0.0,
        -1.0,
        -0.0
      ],
      [
        -0.9510564804077148,
        -0.30901697278022766,
        -0.0,
        0.9393059611320496
      ],
      [
        0.0,
        0.0,
        0.0,
        1.0
      ]
    ],
    [
      [
        -0.2079116851091385,
        0.978147566318512,
        0.0,
        0.7395681142807007
      ],
      [
        -0.0,
        -0.0,
        -1.0,
        -0.0
      ],
      [
        -0.978147566318512,
        -0.2079116851091385,
        -0.0,
        1.017928123474121
      ],
      [
        0.0,
        0.0,
        0.0,
        1.0
      ]
    ],
    [
      [
        -0.10452846437692642,
        0.9945219159126282,
        0.0,
        0.7103985548019409
      ],
      [
        -0.0,
        -0.0,
        -1.0,
        -0.0
      ],
      [
        -0.9945219159126282,
        -0.10452846437692642,
        -0.0,
        1.0939178466796875
      ],
      [
        0.0,
        0.0,
        0.0,
        1.0
      ]
    ],
    [
      [
        0.0,
        1.0,
        0.0,
        0.6734456419944763
      ],
      [
        -0.0,
        -0.0,
        -1.0,
        -0.0
      ],
      [
        -1.0,
        -0.0,
        -0.0,
        1.1664419174194336
      ],
      [
        0.0,
        0.0,
        0.0,
        1.0
      ]
    ]
  ],
  "intrinsic": [
    [
      [
        240.17770385742188,
        0.0,
        416.0
      ],
      [
        0.0,
        240.0,
        240.0
      ],
      [
        0.0,
        0.0,
        1.0
      ]
    ],
    [
      [
        240.17770385742188,
        0.0,
        416.0
      ],
      [
        0.0,
        240.0,
        240.0
      ],
      [
        0.0,
        0.0,
        1.0
      ]
    ],
    [
      [
        240.17770385742188,
        0.0,
        416.0
      ],
      [
        0.0,
        240.0,
        240.0
      ],
      [
        0.0,
        0.0,
        1.0
      ]
    ],
    [
      [
        240.17770385742188,
        0.0,
        416.0
      ],
      [
        0.0,
        240.0,
        240.0
      ],
      [
        0.0,
        0.0,
        1.0
      ]
    ],
    [
      [
        240.17770385742188,
        0.0,
        416.0
      ],
      [
        0.0,
        240.0,
        240.0
      ],
      [
        0.0,
        0.0,
        1.0
      ]
    ],
    [
      [
        240.17770385742188,
        0.0,
        416.0
      ],
      [
        0.0,
        240.0,
        240.0
      ],
      [
        0.0,
        0.0,
        1.0
      ]
    ],
    [
      [
        240.17770385742188,
        0.0,
        416.0
      ],
      [
        0.0,
        240.0,
        240.0
      ],
      [
        0.0,
        0.0,
        1.0
      ]
    ],
    [
      [
        240.17770385742188,
        0.0,
        416.0
      ],
      [
        0.0,
        240.0,
        240.0
      ],
      [
        0.0,
        0.0,
        1.0
      ]
    ],
    [
      [
        240.17770385742188,
        0.0,
        416.0
      ],
      [
        0.0,
        240.0,
        240.0
      ],
      [
        0.0,
        0.0,
        1.0
      ]
    ],
    [
      [
        240.17770385742188,
        0.0,
        416.0
      ],
      [
        0.0,
        240.0,
        240.0
      ],
      [
        0.0,
        0.0,
        1.0
      ]
    ],
    [
      [
        240.17770385742188,
        0.0,
        416.0
      ],
      [
        0.0,
        240.0,
        240.0
      ],
      [
        0.0,
        0.0,
        1.0
      ]
    ],
    [
      [
        240.17770385742188,
        0.0,
        416.0
      ],
      [
        0.0,
        240.0,
        240.0
      ],
      [
        0.0,
        0.0,
        1.0
      ]
    ],
    [
      [
        240.17770385742188,
        0.0,
        416.0
      ],
      [
        0.0,
        240.0,
        240.0
      ],
      [
        0.0,
        0.0,
        1.0
      ]
    ],
    [
      [
        240.17770385742188,
        0.0,
        416.0
      ],
      [
        0.0,
        240.0,
        240.0
      ],
      [
        0.0,
        0.0,
        1.0
      ]
    ],
    [
      [
        240.17770385742188,
        0.0,
        416.0
      ],
      [
        0.0,
        240.0,
        240.0
      ],
      [
        0.0,
        0.0,
        1.0
      ]
    ],
    [
      [
        240.17770385742188,
        0.0,
        416.0
      ],
      [
        0.0,
        240.0,
        240.0
      ],
      [
        0.0,
        0.0,
        1.0
      ]
    ],
    [
      [
        240.17770385742188,
        0.0,
        416.0
      ],
      [
        0.0,
        240.0,
        240.0
      ],
      [
        0.0,
        0.0,
        1.0
      ]
    ],
    [
      [
        240.17770385742188,
        0.0,
        416.0
      ],
      [
        0.0,
        240.0,
        240.0
      ],
      [
        0.0,
        0.0,
        1.0
      ]
    ],
    [
      [
        240.17770385742188,
        0.0,
        416.0
      ],
      [
        0.0,
        240.0,
        240.0
      ],
      [
        0.0,
        0.0,
        1.0
      ]
    ],
    [
      [
        240.17770385742188,
        0.0,
        416.0
      ],
      [
        0.0,
        240.0,
        240.0
      ],
      [
        0.0,
        0.0,
        1.0
      ]
    ],
    [
      [
        240.17770385742188,
        0.0,
        416.0
      ],
      [
        0.0,
        240.0,
        240.0
      ],
      [
        0.0,
        0.0,
        1.0
      ]
    ]
  ],
  "width": 832,
  "height": 480,
  "type": "left-rotation",
  "rotation_deg": 120.0
}