{
  "extrinsic": [
    [
      [
        1.0,
        0.0,
        0.0,
        0.0
      ],
      [
        0.0,
        1.0,
        0.0,
        0.0
      ],
      [
        0.0,
        0.0,
        1.0,
        0.0
      ],
      [
        0.0,
        0.0,
        0.0,
        1.0
      ]
    ],
    [
      [
        0.9876883207706706,
        0.0,
        0.15643445484955434,
        -0.5336140724127443
      ],
      [
        0.0,
        1.0,
        0.0,
        0.0
      ],
      [
        -0.15643445484955437,
        0.0,
        0.9876883207706704,
        0.04199643430858092
      ],
      [
        0.0,
        0.0,
        0.0,
        1.0
      ]
    ],
    [
      [
        0.9510564922832235,
        0.0,
        0.3090169870744136,
        -1.0540888899699472
      ],
      [
        0.0,
        1.0,
        0.0,
        0.0
      ],
      [
        -0.30901698707441366,
        0.0,
        0.9510564922832236,
        0.1669513883240028
      ],
      [
        0.0,
        0.0,
        0.0,
        1.0
      ]
    ],
    [
      [
        0.8910065296561853,
        0.0,
        0.45399048941004555,
        -1.5486084435136802
      ],
      [
        0.0,
        1.0,
        0.0,
        0.0
      ],
      [
        -0.4539904894100456,
        0.0,
        0.8910065296561852,
        0.37178793769915963
      ],
      [
        0.0,
        0.0,
        0.0,
        1.0
      ]
    ],
    [
      [
        0.8090169997366465,
        0.0,
        0.5877852419203672,
        -2.004996113608481
      ],
      [
        0.0,
        1.0,
        0.0,
        0.0
      ],
      [
        -0.5877852419203672,
        0.0,
        0.8090169997366465,
        0.651462620439092
      ],
      [
        0.0,
        0.0,
        0.0,
        1.0
      ]
    ],
    [
      [
        0.7071067932881648,
        0.0,
        0.7071067932881648,
        -2.4120142796896946
      ],
      [
        0.0,
        1.0,
        0.0,
        0.0
      ],
      [
        -0.7071067932881648,
        0.0,
        0.7071067932881648,
        0.999089038000695
      ],
      [
        0.0,
        0.0,
        0.0,
        1.0
      ]
    ],
    [
      [
        0.5877852419203672,
        0.0,
        0.8090169997366465,
        -2.759640550554201
      ],
      [
        0.0,
        1.0,
        0.0,
        0.0
      ],
      [
        -0.8090169997366465,
        -0.0,
        0.5877852419203672,
        1.4061069882188482
      ],
      [
        0.0,
        0.0,
        0.0,
        1.0
      ]
    ],
    [
      [
        0.45399048941004555,
        0.0,
        0.8910065296561853,
        -3.0393152575753333
      ],
      [
        0.0,
        1.0,
        0.0,
        0.0
      ],
      [
        -0.8910065296561852,
        -0.0,
        0.4539904894100456,
        1.8624947722714105
      ],
      [
        0.0,
        0.0,
        0.0,
        1.0
      ]
    ],
    [
      [
        0.3090169870744136,
        0.0,
        0.9510564922832235,
        -3.2441517355620264
      ],
      [
        0.0,
        1.0,
        0.0,
        0.0
      ],
      [
        -0.9510564922832236,
        -0.0,
        0.30901698707441366,
        2.3570144671065614
      ],
      [
        0.0,
        0.0,
        0.0,
        1.0
      ]
    ],
    [
      [
        0.15643445484955434,
        0.0,
        0.9876883207706706,
        -3.3691067854274848
      ],
      [
        0.0,
        1.0,
        0.0,
        0.0
      ],
      [
        -0.9876883207706704,
        -0.0,
        0.15643445484955437,
        2.877489206084463
      ],
      [
        0.0,
        0.0,
        0.0,
        1.0
      ]
    ],
    [
      [
        6.123234262925839e-17,
        0.0,
        1.0,
        -3.4111032485961914
      ],
      [
        0.0,
        1.0,
        0.0,
        0.0
      ],
      [
        -1.0,
        -0.0,
        6.123234262925839e-17,
        3.4111032485961914
      ],
      [
        0.0,
        0.0,
        0.0,
        1.0
      ]
    ],
    [
      [
        -0.15643445484955434,
        0.0,
        0.9876883207706706,
        -3.369106893735218
      ],
      [
        0.0,
        1.0,
        0.0,
        0.0
      ],
      [
        -0.9876883207706704,
        -0.0,
        -0.15643445484955437,
        3.9447173603438412
      ],
      [
        0.0,
        0.0,
        0.0,
        1.0
      ]
    ],
    [
      [
        -0.3090169870744136,
        0.0,
        0.9510564922832235,
        -3.244152045289579
      ],
      [
        0.0,
        1.0,
        0.0,
        0.0
      ],
      [
        -0.9510564922832236,
        -0.0,
        -0.30901698707441366,
        4.465192164068441
      ],
      [
        0.0,
        0.0,
        0.0,
        1.0
      ]
    ],
    [
      [
        -0.45399048941004555,
        0.0,
        0.8910065296561853,
        -3.039315171869676
      ],
      [
        0.0,
        1.0,
        0.0,
        0.0
      ],
      [
        -0.8910065296561852,
        -0.0,
        -0.4539904894100456,
        4.959711584668289
      ],
      [
        0.0,
        0.0,
        0.0,
        1.0
      ]
    ],
    [
      [
        -0.5877852419203672,
        0.0,
        0.8090169997366465,
        -2.759640674272921
      ],
      [
        0.0,
        1.0,
        0.0,
        0.0
      ],
      [
        -0.8090169997366465,
        -0.0,
        -0.5877852419203672,
        5.416099424740696
      ],
      [
        0.0,
        0.0,
        0.0,
        1.0
      ]
    ],
    [
      [
        -0.7071067932881648,
        -0.0,
        0.7071067932881648,
        -2.4120141111022977
      ],
      [
        0.0,
        1.0,
        0.0,
        0.0
      ],
      [
        -0.7071067932881648,
        -0.0,
        -0.7071067932881648,
        5.8231174287926875
      ],
      [
        0.0,
        0.0,
        0.0,
        1.0
      ]
    ],
    [
      [
        -0.8090169997366465,
        -0.0,
        0.5877852419203672,
        -2.0049963229133665
      ],
      [
        0.0,
        1.0,
        0.0,
        0.0
      ],
      [
        -0.5877852419203672,
        -0.0,
        -0.8090169997366465,
        6.170743845266213
      ],
      [
        0.0,
        0.0,
        0.0,
        1.0
      ]
    ],
    [
      [
        -0.8910065296561853,
        -0.0,
        0.45399048941004555,
        -1.5486084230030823
      ],
      [
        0.0,
        1.0,
        0.0,
        0.0
      ],
      [
        -0.4539904894100456,
        -0.0,
        -0.8910065296561852,
        6.450418473360424
      ],
      [
        0.0,
        0.0,
        0.0,
        1.0
      ]
    ],
    [
      [
        -0.9510564922832235,
        -0.0,
        0.3090169870744136,
        -1.0540888069919325
      ],
      [
        0.0,
        1.0,
        0.0,
        0.0
      ],
      [
        -0.30901698707441366,
        -0.0,
        -0.9510564922832236,
        6.655255169175609
      ],
      [
        0.0,
        0.0,
        0.0,
        1.0
      ]
    ],
    [
      [
        -0.9876883207706706,
        -0.0,
        0.15643445484955434,
        -0.5336141191435144
      ],
      [
        0.0,
        1.0,
        0.0,
        0.0
      ],
      [
        -0.15643445484955437,
        -0.0,
        -0.9876883207706704,
        6.780210348954529
      ],
      [
        0.0,
        0.0,
        0.0,
        1.0
      ]
    ],
    [
      [
        -1.0,
        -0.0,
        1.2246468525851679e-16,
        -4.177396889901772e-16
      ],
      [
        0.0,
        1.0,
        0.0,
        0.0
      ],
      [
        -1.2246468525851679e-16,
        -0.0,
        -1.0,
        6.822206497192383
      ],
      [
        0.0,
        0.0,
        0.0,
        1.0
      ]
    ]
  ],
  "intrinsic": [
    [
      [
        583.8071899414062,
        0.0,
        384.0
      ],
      [
        0.0,
        583.8071899414062,
        256.0
      ],
      [
        0.0,
        0.0,
        1.0
      ]
    ],
    [
      [
        583.8071899414062,
        0.0,
        384.0
      ],
      [
        0.0,
        583.8071899414062,
        256.0
      ],
      [
        0.0,
        0.0,
        1.0
      ]
    ],
    [
      [
        583.8071899414062,
        0.0,
        384.0
      ],
      [
        0.0,
        583.8071899414062,
        256.0
      ],
      [
        0.0,
        0.0,
        1.0
      ]
    ],
    [
      [
        583.8071899414062,
        0.0,
        384.0
      ],
      [
        0.0,
        583.8071899414062,
        256.0
      ],
      [
        0.0,
        0.0,
        1.0
      ]
    ],
    [
      [
        583.8071899414062,
        0.0,
        384.0
      ],
      [
        0.0,
        583.8071899414062,
        256.0
      ],
      [
        0.0,
        0.0,
        1.0
      ]
    ],
    [
      [
        583.8071899414062,
        0.0,
        384.0
      ],
      [
        0.0,
        583.8071899414062,
        256.0
      ],
      [
        0.0,
        0.0,
        1.0
      ]
    ],
    [
      [
        583.8071899414062,
        0.0,
        384.0
      ],
      [
        0.0,
        583.8071899414062,
        256.0
      ],
      [
        0.0,
        0.0,
        1.0
      ]
    ],
    [
      [
        583.8071899414062,
        0.0,
        384.0
      ],
      [
        0.0,
        583.8071899414062,
        256.0
      ],
      [
        0.0,
        0.0,
        1.0
      ]
    ],
    [
      [
        583.8071899414062,
        0.0,
        384.0
      ],
      [
        0.0,
        583.8071899414062,
        256.0
      ],
      [
        0.0,
        0.0,
        1.0
      ]
    ],
    [
      [
        583.8071899414062,
        0.0,
        384.0
      ],
      [
        0.0,
        583.8071899414062,
        256.0
      ],
      [
        0.0,
        0.0,
        1.0
      ]
    ],
    [
      [
        583.8071899414062,
        0.0,
        384.0
      ],
      [
        0.0,
        583.8071899414062,
        256.0
      ],
      [
        0.0,
        0.0,
        1.0
      ]
    ],
    [
      [
        583.8071899414062,
        0.0,
        384.0
      ],
      [
        0.0,
        583.8071899414062,
        256.0
      ],
      [
        0.0,
        0.0,
        1.0
      ]
    ],
    [
      [
        583.8071899414062,
        0.0,
        384.0
      ],
      [
        0.0,
        583.8071899414062,
        256.0
      ],
      [
        0.0,
        0.0,
        1.0
      ]
    ],
    [
      [
        583.8071899414062,
        0.0,
        384.0
      ],
      [
        0.0,
        583.8071899414062,
        256.0
      ],
      [
        0.0,
        0.0,
        1.0
      ]
    ],
    [
      [
        583.8071899414062,
        0.0,
        384.0
      ],
      [
        0.0,
        583.8071899414062,
        256.0
      ],
      [
        0.0,
        0.0,
        1.0
      ]
    ],
    [
      [
        583.8071899414062,
        0.0,
        384.0
      ],
      [
        0.0,
        583.8071899414062,
        256.0
      ],
      [
        0.0,
        0.0,
        1.0
      ]
    ],
    [
      [
        583.8071899414062,
        0.0,
        384.0
      ],
      [
        0.0,
        583.8071899414062,
        256.0
      ],
      [
        0.0,
        0.0,
        1.0
      ]
    ],
    [
      [
        583.8071899414062,
        0.0,
        384.0
      ],
      [
        0.0,
        583.8071899414062,
        256.0
      ],
      [
        0.0,
        0.0,
        1.0
      ]
    ],
    [
      [
        583.8071899414062,
        0.0,
        384.0
      ],
      [
        0.0,
        583.8071899414062,
        256.0
      ],
      [
        0.0,
        0.0,
        1.0
      ]
    ],
    [
      [
        583.8071899414062,
        0.0,
        384.0
      ],
      [
        0.0,
        583.8071899414062,
        256.0
      ],
      [
        0.0,
        0.0,
        1.0
      ]
    ],
    [
      [
        583.8071899414062,
        0.0,
        384.0
      ],
      [
        0.0,
        583.8071899414062,
        256.0
      ],
      [
        0.0,
        0.0,
        1.0
      ]
    ]
  ],
  "width": 768,
  "height": 512
}