{
  "extrinsic": [
    [
      [
        0.8660254115562508,
        -0.500000013461174,
        0.0,
        0.0
      ],
      [
        -0.0,
        -0.0,
        -1.0,
        -0.0
      ],
      [
        0.500000013461174,
        0.866025411556251,
        0.0,
        0.0
      ],
      [
        0.0,
        0.0,
        0.0,
        1.0
      ]
    ],
    [
      [
        0.809017000823685,
        -0.5877852434165473,
        -5.297644153501077e-17,
        0.0819565803015669
      ],
      [
        5.297644153501075e-17,
        1.673570307829444e-16,
        -1.0000000000000002,
        -3.834217079751441e-18
      ],
      [
        0.5877852434165473,
        0.8090170008236852,
        1.673570307829444e-16,
        0.004295155285020734
      ],
      [
        0.0,
        0.0,
        0.0,
        1.0
      ]
    ],
    [
      [
        0.7837655241075298,
        -0.6210568437916527,
        -5.991901459819917e-17,
        0.11444056971399043
      ],
      [
        5.991901459819917e-17,
        1.6499875999466352e-16,
        -1.0,
        -5.125828678088825e-18
      ],
      [
        0.6210568437916527,
        0.7837655241075298,
        1.6499875999466352e-16,
        0.007367283071855699
      ],
      [
        0.0,
        0.0,
        0.0,
        1.0
      ]
    ],
    [
      [
        0.7571466631238489,
        -0.6532449238382343,
        1.3311363940562088e-09,
        0.1467412562801058
      ],
      [
        2.9065630565576386e-09,
        1.3311363998239149e-09,
        -1.0,
        2.3185589808461831e-10
      ],
      [
        0.6532449238382343,
        0.7571466631238492,
        2.9065629782651785e-09,
        0.012565792130538083
      ],
      [
        0.0,
        0.0,
        0.0,
        1.0
      ]
    ],
    [
      [
        0.7292068590366914,
        -0.6842933265302554,
        4.3179146015342425e-09,
        0.1787675146619176
      ],
      [
        9.973349500037107e-09,
        4.317914717985179e-09,
        -0.9999999999999999,
        9.67794111761616e-10
      ],
      [
        0.6842933265302553,
        0.7292068590366917,
        9.973349543009423e-09,
        0.019641469789199603
      ],
      [
        0.0,
        0.0,
        0.0,
        1.0
      ]
    ],
    [
      [
        0.6999948594842906,
        -0.7141478815312471,
        1.039082402147103e-08,
        0.21050563865264063
      ],
      [
        2.5445056372292558e-08,
        1.0390823627396273e-08,
        -0.9999999999999996,
        2.8934208154244894e-09
      ],
      [
        0.7141478815312469,
        0.6999948594842907,
        2.544505621921943e-08,
        0.027749743260407793
      ],
      [
        0.0,
        0.0,
        0.0,
        1.0
      ]
    ],
    [
      [
        0.6695616273484002,
        -0.7427565059846745,
        1.1165818156366842e-08,
        0.24185559115150074
      ],
      [
        3.313541046983864e-08,
        1.4837138563287253e-08,
        -0.9999999999999993,
        3.995872252030581e-09
      ],
      [
        0.7427565059846739,
        0.6695616273484001,
        3.4545920275753156e-08,
        0.03749666205180414
      ],
      [
        0.0,
        0.0,
        0.0,
        1.0
      ]
    ],
    [
      [
        0.6379602612712815,
        -0.7700692858689261,
        -3.78268950131782e-09,
        0.27278989828582145
      ],
      [
        1.1833055288376665e-08,
        1.471518049910631e-08,
        -0.9999999999999997,
        -1.4815838224301263e-10
      ],
      [
        0.770069285868926,
        0.6379602612712814,
        1.8499972941248423e-08,
        0.04776877827814603
      ],
      [
        0.0,
        0.0,
        0.0,
        1.0
      ]
    ],
    [
      [
        0.6052458865441519,
        -0.7960385774705793,
        -1.5212126061289128e-08,
        0.30325029010535476
      ],
      [
        -8.276114469641711e-09,
        1.2817270554798747e-08,
        -0.9999999999999998,
        -4.543217037015213e-09
      ],
      [
        0.796038577470579,
        0.605245886544152,
        1.1694938343546807e-09,
        0.05973917777651405
      ],
      [
        0.0,
        0.0,
        0.0,
        1.0
      ]
    ],
    [
      [
        0.5714755773546404,
        -0.8206190739235714,
        -2.246271142001391e-08,
        0.3331634860857782
      ],
      [
        -2.550867962821205e-08,
        9.60875057091205e-09,
        -0.9999999999999996,
        -8.620998934418326e-09
      ],
      [
        0.820619073923571,
        0.5714755773546406,
        -1.544174268243469e-08,
        0.07364736673614636
      ],
      [
        0.0,
        0.0,
        0.0,
        1.0
      ]
    ],
    [
      [
        0.5367082409950122,
        -0.843767897023844,
        -7.136881451013099e-09,
        0.36253259555779116
      ],
      [
        -1.6912258885941927e-08,
        -2.299290249831306e-09,
        -0.9999999999999999,
        -3.948680150089803e-09
      ],
      [
        0.8437678970238438,
        0.5367082409950121,
        -1.5504069101830205e-08,
        0.08780456232141212
      ],
      [
        0.0,
        0.0,
        0.0,
        1.0
      ]
    ],
    [
      [
        0.5010045432850219,
        -0.8654446531164004,
        4.954436314020946e-09,
        0.39124211229921213
      ],
      [
        -5.115748384828714e-09,
        -8.686227896483222e-09,
        -1.0000000000000002,
        1.0306075394144153e-09
      ],
      [
        0.8654446531164006,
        0.5010045432850218,
        -8.77923672628846e-09,
        0.10340039964125036
      ],
      [
        0.0,
        0.0,
        0.0,
        1.0
      ]
    ],
    [
      [
        0.4644267740983379,
        -0.885611524033315,
        1.3402957530472362e-08,
        0.41927089385935956
      ],
      [
        1.0230397806650331e-08,
        -9.769166931810721e-09,
        -0.9999999999999996,
        6.164073444884892e-09
      ],
      [
        0.885611524033315,
        0.464426774098338,
        4.52309553819966e-09,
        0.12040503823102267
      ],
      [
        0.0,
        0.0,
        0.0,
        1.0
      ]
    ],
    [
      [
        0.42703874893754307,
        -0.904233325478473,
        1.6184073930185088e-08,
        0.44658531597495965
      ],
      [
        2.5499458253654822e-08,
        -5.8555873461452346e-09,
        -0.9999999999999999,
        1.0077260319945282e-08
      ],
      [
        0.9042333254784727,
        0.4270387489375434,
        2.0556897150869426e-08,
        0.13862454528433144
      ],
      [
        0.0,
        0.0,
        0.0,
        1.0
      ]
    ],
    [
      [
        0.3889056990374302,
        -0.9212775679762354,
        1.0420844592333862e-08,
        0.47308507550190976
      ],
      [
        2.6420285018432597e-08,
        -1.5830757511232683e-10,
        -0.9999999999999996,
        8.770105252729815e-09
      ],
      [
        0.9212775679762352,
        0.3889056990374302,
        2.4278849222074036e-08,
        0.15816891279876844
      ],
      [
        0.0,
        0.0,
        0.0,
        1.0
      ]
    ],
    [
      [
        0.3500941553180825,
        -0.9367145148934749,
        -9.7696985357307e-09,
        0.49880273193091257
      ],
      [
        -1.3495997534415099e-09,
        9.925341623977791e-09,
        -1.0,
        -4.479493884981858e-09
      ],
      [
        0.9367145148934749,
        0.35009415531808247,
        2.2106143957186482e-09,
        0.17807648386318684
      ],
      [
        0.0,
        0.0,
        0.0,
        1.0
      ]
    ],
    [
      [
        0.310671827708592,
        -0.9505172357554609,
        -1.2716257669520374e-08,
        0.5236237164580608
      ],
      [
        -9.246999111083464e-09,
        1.0355914894064881e-08,
        -0.9999999999999998,
        -7.768072425246067e-09
      ],
      [
        0.950517235755461,
        0.31067182770859214,
        -5.572141040509452e-09,
        0.19912243725027876
      ],
      [
        0.0,
        0.0,
        0.0,
        1.0
      ]
    ],
    [
      [
        0.2707074926778287,
        -0.9626616505336044,
        -6.453963749900089e-09,
        0.5475287083023683
      ],
      [
        -6.4539635962554016e-09,
        4.889389228545066e-09,
        -1.0000000000000002,
        -4.618383448241413e-09
      ],
      [
        0.9626616505336044,
        0.2707074926778288,
        -4.889388954682102e-09,
        0.22183814631330587
      ],
      [
        0.0,
        0.0,
        0.0,
        1.0
      ]
    ],
    [
      [
        0.23027087500150134,
        -0.9731265714828888,
        1.7173769061828304e-08,
        0.57050966763093
      ],
      [
        1.717376889688121e-08,
        -1.358420442924115e-08,
        -0.9999999999999996,
        1.3132356764927503e-08
      ],
      [
        0.9731265714828891,
        0.2302708750015016,
        1.3584204162033244e-08,
        0.24547300881795336
      ],
      [
        0.0,
        0.0,
        0.0,
        1.0
      ]
    ],
    [
      [
        0.18943251730275976,
        -0.9818937424122529,
        2.270487701188845e-08,
        0.5924493710217906
      ],
      [
        1.9980858326207548e-08,
        -1.9268737410878584e-08,
        -0.9999999999999997,
        1.7756410712713882e-08
      ],
      [
        0.9818937424122528,
        0.18943251730276014,
        1.596895435020985e-08,
        0.2695806212415263
      ],
      [
        0.0,
        0.0,
        0.0,
        1.0
      ]
    ],
    [
      [
        0.14826366798619695,
        -0.9889478675619247,
        1.60282045283435e-08,
        0.6133932345015898
      ],
      [
        8.450193114787377e-09,
        -1.494047199011713e-08,
        -0.9999999999999998,
        1.1641184409779128e-08
      ],
      [
        0.9889478675619249,
        0.148263667986197,
        6.1416713266050385e-09,
        0.2946416536482874
      ],
      [
        0.0,
        0.0,
        0.0,
        1.0
      ]
    ]
  ],
  "intrinsic": [
    [
      [
        240.17770385742188,
        0.0,
        416.0
      ],
      [
        0.0,
        240.0,
        240.0
      ],
      [
        0.0,
        0.0,
        1.0
      ]
    ],
    [
      [
        240.17770385742188,
        0.0,
        416.0
      ],
      [
        0.0,
        240.0,
        240.0
      ],
      [
        0.0,
        0.0,
        1.0
      ]
    ],
    [
      [
        240.17770385742188,
        0.0,
        416.0
      ],
      [
        0.0,
        240.0,
        240.0
      ],
      [
        0.0,
        0.0,
        1.0
      ]
    ],
    [
      [
        240.17770385742188,
        0.0,
        416.0
      ],
      [
        0.0,
        240.0,
        240.0
      ],
      [
        0.0,
        0.0,
        1.0
      ]
    ],
    [
      [
        240.17770385742188,
        0.0,
        416.0
      ],
      [
        0.0,
        240.0,
        240.0
      ],
      [
        0.0,
        0.0,
        1.0
      ]
    ],
    [
      [
        240.17770385742188,
        0.0,
        416.0
      ],
      [
        0.0,
        240.0,
        240.0
      ],
      [
        0.0,
        0.0,
        1.0
      ]
    ],
    [
      [
        240.17770385742188,
        0.0,
        416.0
      ],
      [
        0.0,
        240.0,
        240.0
      ],
      [
        0.0,
        0.0,
        1.0
      ]
    ],
    [
      [
        240.17770385742188,
        0.0,
        416.0
      ],
      [
        0.0,
        240.0,
        240.0
      ],
      [
        0.0,
        0.0,
        1.0
      ]
    ],
    [
      [
        240.17770385742188,
        0.0,
        416.0
      ],
      [
        0.0,
        240.0,
        240.0
      ],
      [
        0.0,
        0.0,
        1.0
      ]
    ],
    [
      [
        240.17770385742188,
        0.0,
        416.0
      ],
      [
        0.0,
        240.0,
        240.0
      ],
      [
        0.0,
        0.0,
        1.0
      ]
    ],
    [
      [
        240.17770385742188,
        0.0,
        416.0
      ],
      [
        0.0,
        240.0,
        240.0
      ],
      [
        0.0,
        0.0,
        1.0
      ]
    ],
    [
      [
        240.17770385742188,
        0.0,
        416.0
      ],
      [
        0.0,
        240.0,
        240.0
      ],
      [
        0.0,
        0.0,
        1.0
      ]
    ],
    [
      [
        240.17770385742188,
        0.0,
        416.0
      ],
      [
        0.0,
        240.0,
        240.0
      ],
      [
        0.0,
        0.0,
        1.0
      ]
    ],
    [
      [
        240.17770385742188,
        0.0,
        416.0
      ],
      [
        0.0,
        240.0,
        240.0
      ],
      [
        0.0,
        0.0,
        1.0
      ]
    ],
    [
      [
        240.17770385742188,
        0.0,
        416.0
      ],
      [
        0.0,
        240.0,
        240.0
      ],
      [
        0.0,
        0.0,
        1.0
      ]
    ],
    [
      [
        240.17770385742188,
        0.0,
        416.0
      ],
      [
        0.0,
        240.0,
        240.0
      ],
      [
        0.0,
        0.0,
        1.0
      ]
    ],
    [
      [
        240.17770385742188,
        0.0,
        416.0
      ],
      [
        0.0,
        240.0,
        240.0
      ],
      [
        0.0,
        0.0,
        1.0
      ]
    ],
    [
      [
        240.17770385742188,
        0.0,
        416.0
      ],
      [
        0.0,
        240.0,
        240.0
      ],
      [
        0.0,
        0.0,
        1.0
      ]
    ],
    [
      [
        240.17770385742188,
        0.0,
        416.0
      ],
      [
        0.0,
        240.0,
        240.0
      ],
      [
        0.0,
        0.0,
        1.0
      ]
    ],
    [
      [
        240.17770385742188,
        0.0,
        416.0
      ],
      [
        0.0,
        240.0,
        240.0
      ],
      [
        0.0,
        0.0,
        1.0
      ]
    ],
    [
      [
        240.17770385742188,
        0.0,
        416.0
      ],
      [
        0.0,
        240.0,
        240.0
      ],
      [
        0.0,
        0.0,
        1.0
      ]
    ]
  ],
  "width": 832,
  "height": 480,
  "type": "left-rotation",
  "rotation_deg": 53.33333333333333
}