{
  "id": 9,
  "type": "reconstruct",
  "width": 832,
  "height": 480,
  "intrinsic": [
    [
      [
        240.17770385742188,
        0.0,
        416.0
      ],
      [
        0.0,
        240.0,
        240.0
      ],
      [
        0.0,
        0.0,
        1.0
      ]
    ],
    [
      [
        240.17770385742188,
        0.0,
        416.0
      ],
      [
        0.0,
        240.0,
        240.0
      ],
      [
        0.0,
        0.0,
        1.0
      ]
    ],
    [
      [
        240.17770385742188,
        0.0,
        416.0
      ],
      [
        0.0,
        240.0,
        240.0
      ],
      [
        0.0,
        0.0,
        1.0
      ]
    ],
    [
      [
        240.17770385742188,
        0.0,
        416.0
      ],
      [
        0.0,
        240.0,
        240.0
      ],
      [
        0.0,
        0.0,
        1.0
      ]
    ],
    [
      [
        240.17770385742188,
        0.0,
        416.0
      ],
      [
        0.0,
        240.0,
        240.0
      ],
      [
        0.0,
        0.0,
        1.0
      ]
    ],
    [
      [
        240.17770385742188,
        0.0,
        416.0
      ],
      [
        0.0,
        240.0,
        240.0
      ],
      [
        0.0,
        0.0,
        1.0
      ]
    ],
    [
      [
        240.17770385742188,
        0.0,
        416.0
      ],
      [
        0.0,
        240.0,
        240.0
      ],
      [
        0.0,
        0.0,
        1.0
      ]
    ],
    [
      [
        240.17770385742188,
        0.0,
        416.0
      ],
      [
        0.0,
        240.0,
        240.0
      ],
      [
        0.0,
        0.0,
        1.0
      ]
    ],
    [
      [
        240.17770385742188,
        0.0,
        416.0
      ],
      [
        0.0,
        240.0,
        240.0
      ],
      [
        0.0,
        0.0,
        1.0
      ]
    ],
    [
      [
        240.17770385742188,
        0.0,
        416.0
      ],
      [
        0.0,
        240.0,
        240.0
      ],
      [
        0.0,
        0.0,
        1.0
      ]
    ],
    [
      [
        240.17770385742188,
        0.0,
        416.0
      ],
      [
        0.0,
        240.0,
        240.0
      ],
      [
        0.0,
        0.0,
        1.0
      ]
    ],
    [
      [
        240.17770385742188,
        0.0,
        416.0
      ],
      [
        0.0,
        240.0,
        240.0
      ],
      [
        0.0,
        0.0,
        1.0
      ]
    ],
    [
      [
        240.17770385742188,
        0.0,
        416.0
      ],
      [
        0.0,
        240.0,
        240.0
      ],
      [
        0.0,
        0.0,
        1.0
      ]
    ],
    [
      [
        240.17770385742188,
        0.0,
        416.0
      ],
      [
        0.0,
        240.0,
        240.0
      ],
      [
        0.0,
        0.0,
        1.0
      ]
    ],
    [
      [
        240.17770385742188,
        0.0,
        416.0
      ],
      [
        0.0,
        240.0,
        240.0
      ],
      [
        0.0,
        0.0,
        1.0
      ]
    ],
    [
      [
        240.17770385742188,
        0.0,
        416.0
      ],
      [
        0.0,
        240.0,
        240.0
      ],
      [
        0.0,
        0.0,
        1.0
      ]
    ],
    [
      [
        240.17770385742188,
        0.0,
        416.0
      ],
      [
        0.0,
        240.0,
        240.0
      ],
      [
        0.0,
        0.0,
        1.0
      ]
    ],
    [
      [
        240.17770385742188,
        0.0,
        416.0
      ],
      [
        0.0,
        240.0,
        240.0
      ],
      [
        0.0,
        0.0,
        1.0
      ]
    ],
    [
      [
        240.17770385742188,
        0.0,
        416.0
      ],
      [
        0.0,
        240.0,
        240.0
      ],
      [
        0.0,
        0.0,
        1.0
      ]
    ],
    [
      [
        240.17770385742188,
        0.0,
        416.0
      ],
      [
        0.0,
        240.0,
        240.0
      ],
      [
        0.0,
        0.0,
        1.0
      ]
    ],
    [
      [
        240.17770385742188,
        0.0,
        416.0
      ],
      [
        0.0,
        240.0,
        240.0
      ],
      [
        0.0,
        0.0,
        1.0
      ]
    ]
  ],
  "extrinsic": [
    [
      [
        0.2342876270017112,
        0.9721673250186446,
        -9.123069287668577e-19,
        0.0
      ],
      [
        -0.08872862732950013,
        0.021383170375273704,
        -0.9958262854117302,
        -0.0
      ],
      [
        -0.9681097760719751,
        0.23330977731504304,
        0.09126888452849252,
        -0.0
      ],
      [
        0.0,
        0.0,
        0.0,
        1.0
      ]
    ],
    [
      [
        0.22898982146145994,
        0.9734288169491638,
        -5.090444372464982e-19,
        -0.01813090953287608
      ],
      [
        -0.0913732917342624,
        0.021494693187891666,
        -0.9955847024349078,
        -0.008720453653831674
      ],
      [
        -0.9691308390638977,
        0.22797876326033029,
        0.09386746122909802,
        -0.09249158486195524
      ],
      [
        0.0,
        0.0,
        0.0,
        1.0
      ]
    ],
    [
      [
        0.22484713157594766,
        0.9743940514094226,
        -1.0932692197912292e-19,
        -0.032292075831887444
      ],
      [
        -0.09416524558547378,
        0.02172918167286925,
        -0.9953194206824535,
        -0.018020771397187628
      ],
      [
        -0.9698333227652552,
        0.2237947167422836,
        0.09663979931863036,
        -0.185600796708628
      ],
      [
        0.0,
        0.0,
        0.0,
        1.0
      ]
    ],
    [
      [
        0.22184336019087153,
        0.9750823162888471,
        2.978873898184709e-18,
        -0.042550967487345985
      ],
      [
        -0.09711440765578565,
        0.022094736164739948,
        -0.9950279465720934,
        -0.027940135635778515
      ],
      [
        -0.9702341549156518,
        0.22074034315137614,
        0.09959611207533949,
        -0.2791395688978725
      ],
      [
        0.0,
        0.0,
        0.0,
        1.0
      ]
    ],
    [
      [
        0.21994292583358963,
        0.9755127417803213,
        -7.069556485174091e-18,
        -0.049037669584893
      ],
      [
        -0.10023239987891831,
        0.02259878969131507,
        -0.9947073744167177,
        -0.038522846487627695
      ],
      [
        -0.9703497180863572,
        0.21877885027746083,
        0.10274842714611096,
        -0.37293962106374495
      ],
      [
        0.0,
        0.0,
        0.0,
        1.0
      ]
    ],
    [
      [
        0.21909461733520663,
        0.9757036172192556,
        -5.281613144791454e-18,
        -0.05193219858325205
      ],
      [
        -0.10353297432770289,
        0.023248368655792846,
        -0.9943542812205838,
        -0.04981993918008479
      ],
      [
        -0.9701950689843764,
        0.21785767073964823,
        0.10611108998731679,
        -0.4668566671003724
      ],
      [
        0.0,
        0.0,
        0.0,
        1.0
      ]
    ],
    [
      [
        0.219234506646435,
        0.9756721944872131,
        1.1599662472617204e-18,
        -0.05145492131541937
      ],
      [
        -0.10703246468626312,
        0.02405030062681816,
        -0.9939646042706669,
        -0.06189084471840508
      ],
      [
        -0.969783626691376,
        0.21791133964129866,
        0.10970125549444042,
        -0.560771239137044
      ],
      [
        0.0,
        0.0,
        0.0,
        1.0
      ]
    ],
    [
      [
        0.22028859506992154,
        0.9754347414779321,
        -1.495687024104587e-18,
        -0.04785803186765658
      ],
      [
        -0.11075027281876894,
        0.025011434353765103,
        -0.9935334947660974,
        -0.07480518099561183
      ],
      [
        -0.9691270876168347,
        0.21886409771693294,
        0.11353939747006081,
        -0.6545873463947041
      ],
      [
        0.0,
        0.0,
        0.0,
        1.0
      ]
    ],
    [
      [
        0.22217377526308932,
        0.9750070838641873,
        1.5556962123247487e-18,
        -0.04142286053270435
      ],
      [
        -0.11470945476195075,
        0.026138715343306296,
        -0.9930551387251452,
        -0.08864476301979422
      ],
      [
        -0.9682357949247499,
        0.22063080921497646,
        0.1176498680474501,
        -0.7482298016889896
      ],
      [
        0.0,
        0.0,
        0.0,
        1.0
      ]
    ],
    [
      [
        0.2247977656126792,
        0.9744054415773483,
        -2.002998598883697e-18,
        -0.03246073867430968
      ],
      [
        -0.11893744068670478,
        0.02743916420538527,
        -0.9925225324750095,
        -0.10350598476491296
      ],
      [
        -0.9671193565317797,
        0.22311684762062003,
        0.12206155221605824,
        -0.8416411249903464
      ],
      [
        0.0,
        0.0,
        0.0,
        1.0
      ]
    ],
    [
      [
        0.2280578688835867,
        0.9736475791785635,
        1.5995028829671058e-19,
        -0.021317913796477735
      ],
      [
        -0.1234669438294229,
        0.028919712521714894,
        -0.9919271969298369,
        -0.11950272018730539
      ],
      [
        -0.9657875140121137,
        0.2262168026194884,
        0.12680865897452154,
        -0.9347784230152703
      ],
      [
        0.0,
        0.0,
        0.0,
        1.0
      ]
    ],
    [
      [
        0.23183842213266267,
        0.972754309177316,
        8.786359381847788e-19,
        -0.008384975780710206
      ],
      [
        -0.1283371256982668,
        0.03058683620542444,
        -0.9912588096044593,
        -0.13676992084758485
      ],
      [
        -0.9642512785527144,
        0.22981187834379932,
        0.1319316958943157,
        -1.0276104465273863
      ],
      [
        0.0,
        0.0,
        0.0,
        1.0
      ]
    ],
    [
      [
        0.23600709510738416,
        0.9717513319049139,
        7.151166455668679e-18,
        0.0058897273546932635
      ],
      [
        -0.13359508409363555,
        0.03244594237474201,
        -0.990504727060618,
        -0.15546809952823207
      ],
      [
        -0.9625242877792687,
        0.23376614332370885,
        0.13747867351182375,
        -1.1201147316612747
      ],
      [
        0.0,
        0.0,
        0.0,
        1.0
      ]
    ],
    [
      [
        0.24040970252318164,
        0.9706715072220444,
        2.9242862930465385e-18,
        0.020981526864636977
      ],
      [
        -0.13929776149584325,
        0.03450037747497225,
        -0.9896493609336247,
        -0.17578892366452886
      ],
      [
        -0.9606244367987743,
        0.2379213084643095,
        0.14350659358952256,
        -1.2122745834342779
      ],
      [
        0.0,
        0.0,
        0.0,
        1.0
      ]
    ],
    [
      [
        0.24486344848103161,
        0.9695575751846701,
        5.693340335810692e-18,
        0.036265445944079405
      ],
      [
        -0.14551437557178298,
        0.03674990812101504,
        -0.9886733589791176,
        -0.19796214688432562
      ],
      [
        -0.9585757445814761,
        0.2420899681009516,
        0.15008327436776212,
        -1.3040753643957297
      ],
      [
        0.0,
        0.0,
        0.0,
        1.0
      ]
    ],
    [
      [
        0.24914800752988828,
        0.9684654203139557,
        8.418871890235874e-18,
        0.05098478644027651
      ],
      [
        -0.15232950887090993,
        0.03918838280347711,
        -0.9875525258842669,
        -0.22226411456098452
      ],
      [
        -0.9564104720626149,
        0.24604674415517344,
        0.1572895693286891,
        -1.3954993244939522
      ],
      [
        0.0,
        0.0,
        0.0,
        1.0
      ]
    ],
    [
      [
        0.2529941929875578,
        0.9674677970426582,
        9.485218097162916e-18,
        0.06421154673775994
      ],
      [
        -0.1598469797398221,
        0.04180021057485561,
        -0.9862563994539932,
        -0.24902798025885906
      ],
      [
        -0.9541713060989789,
        0.2495171418586775,
        0.16522201589390367,
        -1.4865176280812147
      ],
      [
        0.0,
        0.0,
        0.0,
        1.0
      ]
    ],
    [
      [
        0.25606946099529115,
        0.9666583838903903,
        6.812595633756884e-18,
        0.07479634173293047
      ],
      [
        -0.16819461533333854,
        0.044555041582923886,
        -0.9847463732567967,
        -0.278655577731377
      ],
      [
        -0.9519133377143381,
        0.25216347301693576,
        0.17399592051995297,
        -1.577077604686045
      ],
      [
        0.0,
        0.0,
        0.0,
        1.0
      ]
    ],
    [
      [
        0.25795910783109255,
        0.9661558356119301,
        -1.0161634050369214e-17,
        0.08130438514305761
      ],
      [
        -0.1775299858183171,
        0.04739967929288995,
        -0.982973231852363,
        -0.3116304238627897
      ],
      [
        -0.9497053242044793,
        0.25356689791048126,
        0.18374881077634406,
        -1.6670821628379462
      ],
      [
        0.0,
        0.0,
        0.0,
        1.0
      ]
    ],
    [
      [
        0.2581423757357437,
        0.9661068853131657,
        -7.357758752795477e-18,
        0.08193573368353402
      ],
      [
        -0.1880469293361966,
        0.05024587012742596,
        -0.980873949548241,
        -0.34853029006417413
      ],
      [
        -0.9476290762828741,
        0.25320513163368497,
        0.19464402147930124,
        -1.7563564478079536
      ],
      [
        0.0,
        0.0,
        0.0,
        1.0
      ]
    ],
    [
      [
        0.25596175946799365,
        0.9666869077886845,
        2.9428920641675203e-19,
        0.07442550491619067
      ],
      [
        -0.1999822869145028,
        0.052951806431476775,
        -0.978367615529096,
        -0.39003581611016175
      ],
      [
        -0.9457751649364105,
        0.250424696277333,
        0.20687389609109968,
        -1.8445943088469796
      ],
      [
        0.0,
        0.0,
        0.0,
        1.0
      ]
    ]
  ]
}