{
  "id": 3,
  "type": "surround",
  "width": 832,
  "height": 480,
  "intrinsic": [
    [
      [
        240.17770385742188,
        0.0,
        416.0
      ],
      [
        0.0,
        240.0,
        240.0
      ],
      [
        0.0,
        0.0,
        1.0
      ]
    ],
    [
      [
        240.17770385742188,
        0.0,
        416.0
      ],
      [
        0.0,
        240.0,
        240.0
      ],
      [
        0.0,
        0.0,
        1.0
      ]
    ],
    [
      [
        240.17770385742188,
        0.0,
        416.0
      ],
      [
        0.0,
        240.0,
        240.0
      ],
      [
        0.0,
        0.0,
        1.0
      ]
    ],
    [
      [
        240.17770385742188,
        0.0,
        416.0
      ],
      [
        0.0,
        240.0,
        240.0
      ],
      [
        0.0,
        0.0,
        1.0
      ]
    ],
    [
      [
        240.17770385742188,
        0.0,
        416.0
      ],
      [
        0.0,
        240.0,
        240.0
      ],
      [
        0.0,
        0.0,
        1.0
      ]
    ],
    [
      [
        240.17770385742188,
        0.0,
        416.0
      ],
      [
        0.0,
        240.0,
        240.0
      ],
      [
        0.0,
        0.0,
        1.0
      ]
    ],
    [
      [
        240.17770385742188,
        0.0,
        416.0
      ],
      [
        0.0,
        240.0,
        240.0
      ],
      [
        0.0,
        0.0,
        1.0
      ]
    ],
    [
      [
        240.17770385742188,
        0.0,
        416.0
      ],
      [
        0.0,
        240.0,
        240.0
      ],
      [
        0.0,
        0.0,
        1.0
      ]
    ],
    [
      [
        240.17770385742188,
        0.0,
        416.0
      ],
      [
        0.0,
        240.0,
        240.0
      ],
      [
        0.0,
        0.0,
        1.0
      ]
    ],
    [
      [
        240.17770385742188,
        0.0,
        416.0
      ],
      [
        0.0,
        240.0,
        240.0
      ],
      [
        0.0,
        0.0,
        1.0
      ]
    ],
    [
      [
        240.17770385742188,
        0.0,
        416.0
      ],
      [
        0.0,
        240.0,
        240.0
      ],
      [
        0.0,
        0.0,
        1.0
      ]
    ],
    [
      [
        240.17770385742188,
        0.0,
        416.0
      ],
      [
        0.0,
        240.0,
        240.0
      ],
      [
        0.0,
        0.0,
        1.0
      ]
    ],
    [
      [
        240.17770385742188,
        0.0,
        416.0
      ],
      [
        0.0,
        240.0,
        240.0
      ],
      [
        0.0,
        0.0,
        1.0
      ]
    ],
    [
      [
        240.17770385742188,
        0.0,
        416.0
      ],
      [
        0.0,
        240.0,
        240.0
      ],
      [
        0.0,
        0.0,
        1.0
      ]
    ],
    [
      [
        240.17770385742188,
        0.0,
        416.0
      ],
      [
        0.0,
        240.0,
        240.0
      ],
      [
        0.0,
        0.0,
        1.0
      ]
    ],
    [
      [
        240.17770385742188,
        0.0,
        416.0
      ],
      [
        0.0,
        240.0,
        240.0
      ],
      [
        0.0,
        0.0,
        1.0
      ]
    ],
    [
      [
        240.17770385742188,
        0.0,
        416.0
      ],
      [
        0.0,
        240.0,
        240.0
      ],
      [
        0.0,
        0.0,
        1.0
      ]
    ],
    [
      [
        240.17770385742188,
        0.0,
        416.0
      ],
      [
        0.0,
        240.0,
        240.0
      ],
      [
        0.0,
        0.0,
        1.0
      ]
    ],
    [
      [
        240.17770385742188,
        0.0,
        416.0
      ],
      [
        0.0,
        240.0,
        240.0
      ],
      [
        0.0,
        0.0,
        1.0
      ]
    ],
    [
      [
        240.17770385742188,
        0.0,
        416.0
      ],
      [
        0.0,
        240.0,
        240.0
      ],
      [
        0.0,
        0.0,
        1.0
      ]
    ],
    [
      [
        240.17770385742188,
        0.0,
        416.0
      ],
      [
        0.0,
        240.0,
        240.0
      ],
      [
        0.0,
        0.0,
        1.0
      ]
    ]
  ],
  "extrinsic": [
    [
      [
        -0.35454599018520977,
        -0.9350385771953951,
        1.9242614264774167e-17,
        -0.0
      ],
      [
        -0.18766586811445285,
        0.07115875500471631,
        -0.9796519553040393,
        -0.0
      ],
      [
        0.9160123704341758,
        -0.3473316725301474,
        -0.20070387756337063,
        0.0
      ],
      [
        0.0,
        0.0,
        0.0,
        1.0
      ]
    ],
    [
      [
        -0.3802412444372628,
        -0.9248873423443538,
        -4.6249525971155495e-18,
        0.055913519357318905
      ],
      [
        -0.19317864306040433,
        0.079419929620619,
        -0.9779440099741891,
        0.017069550517163006
      ],
      [
        0.9044880363466079,
        -0.3718546473425525,
        -0.2088672146498899,
        -0.07992190018521024
      ],
      [
        0.0,
        0.0,
        0.0,
        1.0
      ]
    ],
    [
      [
        -0.398323084216274,
        -0.9172451801892638,
        1.5684836256225916e-17,
        0.09561792870851674
      ],
      [
        -0.20065991943547493,
        0.08713861867514555,
        -0.9757778732209171,
        0.03766524772416135
      ],
      [
        0.8950275511472169,
        -0.38867485197135215,
        -0.21876366730438515,
        -0.16800283050422438
      ],
      [
        0.0,
        0.0,
        0.0,
        1.0
      ]
    ],
    [
      [
        -0.4107987269929685,
        -0.9117260585839129,
        1.9816947769432988e-17,
        0.12318895864316604
      ],
      [
        -0.20982668209038216,
        0.09454214133768117,
        -0.9731570001773752,
        0.061413170438215904
      ],
      [
        0.8872525961550626,
        -0.3997716568371617,
        -0.23014224515671253,
        -0.2596857290339722
      ],
      [
        0.0,
        0.0,
        0.0,
        1.0
      ]
    ],
    [
      [
        -0.4193250702706788,
        -0.9078361556153677,
        -1.1439664848488047e-18,
        0.14211670032437215
      ],
      [
        -0.22058892908913005,
        0.10188894506909572,
        -0.9700304980958163,
        0.08834955400708878
      ],
      [
        0.8806287582209663,
        -0.40675810677872976,
        -0.24298319440649077,
        -0.3527065404229876
      ],
      [
        0.0,
        0.0,
        0.0,
        1.0
      ]
    ],
    [
      [
        -0.4250222346270464,
        -0.9051829097329623,
        8.344165993522646e-18,
        0.15480271548551286
      ],
      [
        -0.23300399395238952,
        0.1094053777660106,
        -0.966302024275077,
        0.11878528171329028
      ],
      [
        0.8746800780141656,
        -0.41069984568203166,
        -0.25741095136355147,
        -0.44591132415157414
      ],
      [
        0.0,
        0.0,
        0.0,
        1.0
      ]
    ],
    [
      [
        -0.42864365078202565,
        -0.9034736413666182,
        3.12254348599237e-17,
        0.16288291984759012
      ],
      [
        -0.24723201018165575,
        0.11729664993230367,
        -0.9618304575423862,
        0.15322918826734022
      ],
      [
        0.8689884658531403,
        -0.41228251875431465,
        -0.2736460687526933,
        -0.5385807328853642
      ],
      [
        0.0,
        0.0,
        0.0,
        1.0
      ]
    ],
    [
      [
        -0.4307360434045602,
        -0.9024779559148162,
        -5.591032155194991e-18,
        0.167557336490845
      ],
      [
        -0.2635171577264705,
        0.12577186749482114,
        -0.9564204854197903,
        0.1923744350693465
      ],
      [
        0.8631484046767087,
        -0.4119647757207893,
        -0.29199290242978915,
        -0.6301209688328766
      ],
      [
        0.0,
        0.0,
        0.0,
        1.0
      ]
    ],
    [
      [
        -0.43174945656362795,
        -0.9019935735674686,
        7.482988097708468e-18,
        0.16982284260268576
      ],
      [
        -0.282185391218571,
        0.13507123873061577,
        -0.9498037510194403,
        0.23712155234427512
      ],
      [
        0.856716879569811,
        -0.4100772533447387,
        -0.31284634335309236,
        -0.7199027402725717
      ],
      [
        0.0,
        0.0,
        0.0,
        1.0
      ]
    ],
    [
      [
        -0.43212494145805636,
        -0.9018137473835001,
        -1.7481080237567063e-17,
        0.17066250175769693
      ],
      [
        -0.303649655110896,
        0.14550076423125913,
        -0.9416084189083878,
        0.28862582253966645
      ],
      [
        0.8491554168236256,
        -0.40689248289720004,
        -0.3367099425927998,
        -0.8071413107820705
      ],
      [
        0.0,
        0.0,
        0.0,
        1.0
      ]
    ],
    [
      [
        -0.4323831402037693,
        -0.9016899800194785,
        -5.4209641500928494e-18,
        0.1712399657182167
      ],
      [
        -0.32841592559066257,
        0.15748373869780674,
        -0.9313118982726407,
        0.34836527671948986
      ],
      [
        0.83975460694536,
        -0.4026835630842578,
        -0.36422266285311067,
        -0.8907647992369595
      ],
      [
        0.0,
        0.0,
        0.0,
        1.0
      ]
    ],
    [
      [
        -0.4332437149811706,
        -0.9012768073290881,
        -2.804661063794038e-17,
        0.17316512078683333
      ],
      [
        -0.357078369904288,
        0.17164755406855509,
        -0.9181678250346061,
        0.41822410164582385
      ],
      [
        0.8275233659394826,
        -0.3977904394941742,
        -0.3961916771857039,
        -0.9692276135452708
      ],
      [
        0.0,
        0.0,
        0.0,
        1.0
      ]
    ],
    [
      [
        -0.4358208466835884,
        -0.9000334380432763,
        6.336277126702504e-17,
        0.1789346579671821
      ],
      [
        -0.39027564955858685,
        0.1889821609299279,
        -0.9010941461422763,
        0.5005700624384342
      ],
      [
        0.8110148623531035,
        -0.392715613713352,
        -0.43362350004136324,
        -1.040212887341946
      ],
      [
        0.0,
        0.0,
        0.0,
        1.0
      ]
    ],
    [
      [
        -0.44197942707555893,
        -0.8970251869607458,
        -3.066558562628795e-19,
        0.19274866845749153
      ],
      [
        -0.42853425340957324,
        0.21114604869228043,
        -0.8785076776991404,
        0.5982461817736328
      ],
      [
        0.788043513834522,
        -0.3882823200709458,
        -0.47772822841408813,
        -1.1001314818407184
      ],
      [
        0.0,
        0.0,
        0.0,
        1.0
      ]
    ],
    [
      [
        -0.455030738530869,
        -0.8904757307147971,
        -6.073866651327366e-17,
        0.22214853917331664
      ],
      [
        -0.4717922036560754,
        0.24108456576396936,
        -0.8481098683070151,
        0.7142018862969489
      ],
      [
        0.7552212547071196,
        -0.38591605973105925,
        -0.5298203953041609,
        -1.1432584949550546
      ],
      [
        0.0,
        0.0,
        0.0,
        1.0
      ]
    ],
    [
      [
        -0.4811244105128787,
        -0.8766523265289583,
        1.659898616510068e-17,
        0.2814512390753533
      ],
      [
        -0.5180102948591535,
        0.284294457690554,
        -0.8067477894276295,
        0.8498298199362989
      ],
      [
        0.7072373265238252,
        -0.388146054620936,
        -0.5908959335226748,
        -1.1602691603173478
      ],
      [
        0.0,
        0.0,
        0.0,
        1.0
      ]
    ],
    [
      [
        -0.5318615089570262,
        -0.8468313499687853,
        -5.2404390745845525e-17,
        0.39887220318732075
      ],
      [
        -0.5591535831762404,
        0.35118240308156445,
        -0.7510114447776607,
        0.9988055184931118
      ],
      [
        0.6359800356230739,
        -0.39943408026344296,
        -0.6602891865031344,
        -1.136039164094127
      ],
      [
        0.0,
        0.0,
        0.0,
        1.0
      ]
    ],
    [
      [
        -0.6269817374877983,
        -0.7790339535968774,
        -7.586897344738143e-17,
        0.6275414588462919
      ],
      [
        -0.5703223055301029,
        0.45900652776213485,
        -0.6812088338289345,
        1.126262308953452
      ],
      [
        0.530684811042873,
        -0.4271054982261021,
        -0.7320891507961467,
        -1.0479868923522668
      ],
      [
        0.0,
        0.0,
        0.0,
        1.0
      ]
    ],
    [
      [
        -0.7808089570118232,
        -0.6247698557469853,
        -2.939146992453212e-17,
        1.0293641261447917
      ],
      [
        -0.4926254813493863,
        0.6156609265822721,
        -0.6150461434763602,
        1.1190701664450664
      ],
      [
        0.38426229033746523,
        -0.4802335378019209,
        -0.7884911168775818,
        -0.8729074753271397
      ],
      [
        0.0,
        0.0,
        0.0,
        1.0
      ]
    ],
    [
      [
        -0.9343807144277502,
        -0.3562761295757646,
        -2.677517161089498e-17,
        1.512674994763236
      ],
      [
        -0.2850890388359555,
        0.7476832649446777,
        -0.5997449251617372,
        0.8273866080498108
      ],
      [
        0.21367480066933034,
        -0.5603900916470417,
        -0.8001912426056301,
        -0.6201279055602178
      ],
      [
        0.0,
        0.0,
        0.0,
        1.0
      ]
    ],
    [
      [
        -0.9947463364262465,
        -0.10237053368309205,
        6.192249082725037e-18,
        1.8091222767359103
      ],
      [
        -0.077509914778992,
        0.7531728221892378,
        -0.6532403179737548,
        0.4162943263969677
      ],
      [
        0.066872559974286,
        -0.6498084131103087,
        -0.7571506369102172,
        -0.3591626618131892
      ],
      [
        0.0,
        0.0,
        0.0,
        1.0
      ]
    ]
  ]
}