{
  "extrinsic": [
    [
      [
        1.0,
        0.0,
        0.0,
        0.0
      ],
      [
        0.0,
        1.0,
        0.0,
        0.0
      ],
      [
        0.0,
        0.0,
        1.0,
        0.0
      ],
      [
        0.0,
        0.0,
        0.0,
        1.0
      ]
    ],
    [
      [
        0.9957304261129369,
        4.469022559166155e-12,
        0.09230928532787717,
        -0.314876508109918
      ],
      [
        0.0017991173754034234,
        0.9998100598470251,
        -0.019406886641358687,
        0.06619889438398188
      ],
      [
        -0.09229174823300212,
        0.019490101636101854,
        0.9955412139183323,
        0.03048667028026509
      ],
      [
        0.0,
        0.0,
        0.0,
        1.0
      ]
    ],
    [
      [
        0.9848062552551579,
        7.689941319930727e-11,
        0.17365636690926398,
        -0.5923598223460378
      ],
      [
        0.01302778793195513,
        0.9971819115950438,
        -0.0738806585918989,
        0.25201454825339437
      ],
      [
        -0.17316700561703277,
        0.07502050106377266,
        0.9820310622337126,
        0.1237089781238497
      ],
      [
        0.0,
        0.0,
        0.0,
        1.0
      ]
    ],
    [
      [
        0.9717875855443712,
        -7.213338724186657e-10,
        0.23585780040836896,
        -0.804535289313314
      ],
      [
        0.03731644191852812,
        0.9874045132885303,
        -0.15375219534035764,
        0.5244646094548245
      ],
      [
        -0.23288706981093432,
        0.15821585732090285,
        0.9595474919069298,
        0.2817927470193873
      ],
      [
        0.0,
        0.0,
        0.0,
        1.0
      ]
    ],
    [
      [
        0.9616248152052045,
        1.2530016303166236e-09,
        0.2743678718304332,
        -0.9358971390000571
      ],
      [
        0.07047644652744904,
        0.9664463554991204,
        -0.24701106273844198,
        0.84258030457076
      ],
      [
        -0.2651618270872655,
        0.25686844283353455,
        0.9293587848669758,
        0.5002446362757993
      ],
      [
        0.0,
        0.0,
        0.0,
        1.0
      ]
    ],
    [
      [
        0.957826315407074,
        -1.4194911441952516e-09,
        0.28734788242400666,
        -0.9801732930868917
      ],
      [
        0.10280470547713741,
        0.9338094024451409,
        -0.3426823444821893,
        1.1689248576912632
      ],
      [
        -0.2683281479352031,
        0.3577708699505686,
        0.894427141230885,
        0.7627458345052539
      ],
      [
        0.0,
        0.0,
        0.0,
        1.0
      ]
    ],
    [
      [
        0.9616248157096371,
        -1.326402915501071e-09,
        0.27436787006246033,
        -0.9358971430413887
      ],
      [
        0.12338932390032295,
        0.8931684383063478,
        -0.4324640291749937,
        1.475179399323563
      ],
      [
        -0.24505672834743925,
        0.4497222151346347,
        0.8588929476847397,
        1.0417388490662765
      ],
      [
        0.0,
        0.0,
        0.0,
        1.0
      ]
    ],
    [
      [
        0.9717875849704977,
        3.0112916911141967e-09,
        0.23585780277285784,
        -0.8045352819087175
      ],
      [
        0.12387606216810518,
        0.8509695491319345,
        -0.5103974422333144,
        1.7410182594023997
      ],
      [
        -0.2007078078224909,
        0.525215021574662,
        0.8269616417886972,
        1.304011124861108
      ],
      [
        0.0,
        0.0,
        0.0,
        1.0
      ]
    ],
    [
      [
        0.9848063116109205,
        -3.8823401018353646e-09,
        0.17365638533367656,
        -0.5923598658467729
      ],
      [
        0.10077898449359289,
        0.8143774096893232,
        -0.5715181529556684,
        1.9495072668617157
      ],
      [
        -0.14142183881935375,
        0.580335603234138,
        0.8020039943423901,
        1.5175059802262059
      ],
      [
        0.0,
        0.0,
        0.0,
        1.0
      ]
    ],
    [
      [
        0.9957303670702475,
        -2.5159207319284776e-10,
        0.09230927926610599,
        -0.31487649010910773
      ],
      [
        0.0566411964550872,
        0.7896151627653324,
        -0.6109825627071357,
        2.0841246349713978
      ],
      [
        -0.07288880729507212,
        0.6136023939096936,
        0.7862438130014104,
        1.6565215343990571
      ],
      [
        0.0,
        0.0,
        0.0,
        1.0
      ]
    ],
    [
      [
        1.0,
        1.1096137660475889e-24,
        3.6739401481103326e-17,
        -1.2532189641516732e-16
      ],
      [
        2.295092182625905e-17,
        0.7808687964044871,
        -0.6246950252026604,
        2.13089923327947
      ],
      [
        -2.868865502012269e-17,
        0.6246950848073074,
        0.7808688560091341,
        1.7047195167468405
      ],
      [
        0.0,
        0.0,
        0.0,
        1.0
      ]
    ],
    [
      [
        0.9957303670702475,
        2.5159207319284776e-10,
        -0.09230927926610599,
        0.31487649010910773
      ],
      [
        -0.0566411964550872,
        0.7896151627653324,
        -0.6109825627071357,
        2.0841246349713978
      ],
      [
        0.07288880729507212,
        0.6136023939096936,
        0.7862438130014104,
        1.6565215343990571
      ],
      [
        0.0,
        0.0,
        0.0,
        1.0
      ]
    ],
    [
      [
        0.9848063116109205,
        3.8823401018353646e-09,
        -0.17365638533367656,
        0.5923598658467729
      ],
      [
        -0.10077898449359289,
        0.8143774096893232,
        -0.5715181529556684,
        1.9495072668617157
      ],
      [
        0.14142183881935375,
        0.580335603234138,
        0.8020039943423901,
        1.5175059802262059
      ],
      [
        0.0,
        0.0,
        0.0,
        1.0
      ]
    ],
    [
      [
        0.9717875849704977,
        -3.0112916911141967e-09,
        -0.23585780277285784,
        0.8045352819087175
      ],
      [
        -0.12387606216810518,
        0.8509695491319345,
        -0.5103974422333144,
        1.7410182594023997
      ],
      [
        0.2007078078224909,
        0.525215021574662,
        0.8269616417886972,
        1.304011124861108
      ],
      [
        0.0,
        0.0,
        0.0,
        1.0
      ]
    ],
    [
      [
        0.9616248157096371,
        1.326402915501071e-09,
        -0.27436787006246033,
        0.9358971430413887
      ],
      [
        -0.12338932390032295,
        0.8931684383063478,
        -0.4324640291749937,
        1.475179399323563
      ],
      [
        0.24505672834743925,
        0.4497222151346347,
        0.8588929476847397,
        1.0417388490662765
      ],
      [
        0.0,
        0.0,
        0.0,
        1.0
      ]
    ],
    [
      [
        0.957826315407074,
        1.4194911441952516e-09,
        -0.28734788242400666,
        0.9801732930868917
      ],
      [
        -0.10280470547713741,
        0.9338094024451409,
        -0.3426823444821893,
        1.1689248576912632
      ],
      [
        0.2683281479352031,
        0.3577708699505686,
        0.894427141230885,
        0.7627458345052539
      ],
      [
        0.0,
        0.0,
        0.0,
        1.0
      ]
    ],
    [
      [
        0.9616248152052045,
        -1.2530016303166236e-09,
        -0.2743678718304332,
        0.9358971390000571
      ],
      [
        -0.07047644652744904,
        0.9664463554991204,
        -0.24701106273844198,
        0.84258030457076
      ],
      [
        0.2651618270872655,
        0.25686844283353455,
        0.9293587848669758,
        0.5002446362757993
      ],
      [
        0.0,
        0.0,
        0.0,
        1.0
      ]
    ],
    [
      [
        0.9717875855443712,
        7.213338724186657e-10,
        -0.23585780040836896,
        0.804535289313314
      ],
      [
        -0.03731644191852812,
        0.9874045132885303,
        -0.15375219534035764,
        0.5244646094548245
      ],
      [
        0.23288706981093432,
        0.15821585732090285,
        0.9595474919069298,
        0.2817927470193873
      ],
      [
        0.0,
        0.0,
        0.0,
        1.0
      ]
    ],
    [
      [
        0.9848062552551579,
        -7.689941319930727e-11,
        -0.17365636690926398,
        0.5923598223460378
      ],
      [
        -0.01302778793195513,
        0.9971819115950438,
        -0.0738806585918989,
        0.25201454825339437
      ],
      [
        0.17316700561703277,
        0.07502050106377266,
        0.9820310622337126,
        0.1237089781238497
      ],
      [
        0.0,
        0.0,
        0.0,
        1.0
      ]
    ],
    [
      [
        0.9957304261129369,
        -4.469022559166155e-12,
        -0.09230928532787717,
        0.314876508109918
      ],
      [
        -0.0017991173754034234,
        0.9998100598470251,
        -0.019406886641358687,
        0.06619889438398188
      ],
      [
        0.09229174823300212,
        0.019490101636101854,
        0.9955412139183323,
        0.03048667028026509
      ],
      [
        0.0,
        0.0,
        0.0,
        1.0
      ]
    ],
    [
      [
        1.0,
        0.0,
        -7.347880453766517e-17,
        2.506437988863459e-16
      ],
      [
        0.0,
        1.0,
        0.0,
        0.0
      ],
      [
        7.347880453766517e-17,
        0.0,
        1.0,
        1.841700670694767e-32
      ],
      [
        0.0,
        0.0,
        0.0,
        1.0
      ]
    ]
  ],
  "intrinsic": [
    [
      [
        583.8071899414062,
        0.0,
        384.0
      ],
      [
        0.0,
        583.8071899414062,
        256.0
      ],
      [
        0.0,
        0.0,
        1.0
      ]
    ],
    [
      [
        583.8071899414062,
        0.0,
        384.0
      ],
      [
        0.0,
        583.8071899414062,
        256.0
      ],
      [
        0.0,
        0.0,
        1.0
      ]
    ],
    [
      [
        583.8071899414062,
        0.0,
        384.0
      ],
      [
        0.0,
        583.8071899414062,
        256.0
      ],
      [
        0.0,
        0.0,
        1.0
      ]
    ],
    [
      [
        583.8071899414062,
        0.0,
        384.0
      ],
      [
        0.0,
        583.8071899414062,
        256.0
      ],
      [
        0.0,
        0.0,
        1.0
      ]
    ],
    [
      [
        583.8071899414062,
        0.0,
        384.0
      ],
      [
        0.0,
        583.8071899414062,
        256.0
      ],
      [
        0.0,
        0.0,
        1.0
      ]
    ],
    [
      [
        583.8071899414062,
        0.0,
        384.0
      ],
      [
        0.0,
        583.8071899414062,
        256.0
      ],
      [
        0.0,
        0.0,
        1.0
      ]
    ],
    [
      [
        583.8071899414062,
        0.0,
        384.0
      ],
      [
        0.0,
        583.8071899414062,
        256.0
      ],
      [
        0.0,
        0.0,
        1.0
      ]
    ],
    [
      [
        583.8071899414062,
        0.0,
        384.0
      ],
      [
        0.0,
        583.8071899414062,
        256.0
      ],
      [
        0.0,
        0.0,
        1.0
      ]
    ],
    [
      [
        583.8071899414062,
        0.0,
        384.0
      ],
      [
        0.0,
        583.8071899414062,
        256.0
      ],
      [
        0.0,
        0.0,
        1.0
      ]
    ],
    [
      [
        583.8071899414062,
        0.0,
        384.0
      ],
      [
        0.0,
        583.8071899414062,
        256.0
      ],
      [
        0.0,
        0.0,
        1.0
      ]
    ],
    [
      [
        583.8071899414062,
        0.0,
        384.0
      ],
      [
        0.0,
        583.8071899414062,
        256.0
      ],
      [
        0.0,
        0.0,
        1.0
      ]
    ],
    [
      [
        583.8071899414062,
        0.0,
        384.0
      ],
      [
        0.0,
        583.8071899414062,
        256.0
      ],
      [
        0.0,
        0.0,
        1.0
      ]
    ],
    [
      [
        583.8071899414062,
        0.0,
        384.0
      ],
      [
        0.0,
        583.8071899414062,
        256.0
      ],
      [
        0.0,
        0.0,
        1.0
      ]
    ],
    [
      [
        583.8071899414062,
        0.0,
        384.0
      ],
      [
        0.0,
        583.8071899414062,
        256.0
      ],
      [
        0.0,
        0.0,
        1.0
      ]
    ],
    [
      [
        583.8071899414062,
        0.0,
        384.0
      ],
      [
        0.0,
        583.8071899414062,
        256.0
      ],
      [
        0.0,
        0.0,
        1.0
      ]
    ],
    [
      [
        583.8071899414062,
        0.0,
        384.0
      ],
      [
        0.0,
        583.8071899414062,
        256.0
      ],
      [
        0.0,
        0.0,
        1.0
      ]
    ],
    [
      [
        583.8071899414062,
        0.0,
        384.0
      ],
      [
        0.0,
        583.8071899414062,
        256.0
      ],
      [
        0.0,
        0.0,
        1.0
      ]
    ],
    [
      [
        583.8071899414062,
        0.0,
        384.0
      ],
      [
        0.0,
        583.8071899414062,
        256.0
      ],
      [
        0.0,
        0.0,
        1.0
      ]
    ],
    [
      [
        583.8071899414062,
        0.0,
        384.0
      ],
      [
        0.0,
        583.8071899414062,
        256.0
      ],
      [
        0.0,
        0.0,
        1.0
      ]
    ],
    [
      [
        583.8071899414062,
        0.0,
        384.0
      ],
      [
        0.0,
        583.8071899414062,
        256.0
      ],
      [
        0.0,
        0.0,
        1.0
      ]
    ],
    [
      [
        583.8071899414062,
        0.0,
        384.0
      ],
      [
        0.0,
        583.8071899414062,
        256.0
      ],
      [
        0.0,
        0.0,
        1.0
      ]
    ]
  ],
  "width": 768,
  "height": 512
}