{
  "extrinsic": [
    [
      [
        0.0,
        1.0,
        0.0,
        0.0
      ],
      [
        -0.0,
        -0.0,
        -1.0,
        -0.0
      ],
      [
        -1.0,
        -0.0,
        -0.0,
        -0.0
      ],
      [
        0.0,
        0.0,
        0.0,
        1.0
      ]
    ],
    [
      [
        0.10452844382916533,
        0.9945218974113407,
        0.0,
        0.08366732277545953
      ],
      [
        -5.520705544999841e-17,
        5.802494253368835e-18,
        -1.0,
        2.4340639776721026e-19
      ],
      [
        -0.9945218974113406,
        0.10452844382916532,
        -0.0,
        0.004384819849136011
      ],
      [
        0.0,
        0.0,
        0.0,
        1.0
      ]
    ],
    [
      [
        0.14596821598507498,
        0.989289280201769,
        0.0,
        0.11682938043404702
      ],
      [
        -0.0,
        -0.0,
        -0.9999999999999998,
        -0.0
      ],
      [
        -0.9892892802017689,
        0.14596821598507495,
        -0.0,
        0.00752107672833409
      ],
      [
        0.0,
        0.0,
        0.0,
        1.0
      ]
    ],
    [
      [
        0.187153328401315,
        0.9823307140002848,
        0.0,
        0.14980430685905724
      ],
      [
        -5.4530308823979285e-17,
        1.0389096716318657e-17,
        -1.0,
        7.121024804167071e-19
      ],
      [
        -0.9823307140002847,
        0.187153328401315,
        -0.0,
        0.012828097861817152
      ],
      [
        0.0,
        0.0,
        0.0,
        1.0
      ]
    ],
    [
      [
        0.22801192865386488,
        0.9736583386340121,
        0.0,
        0.18249907412026062
      ],
      [
        5.404889528348786e-17,
        -1.2657204654035457e-17,
        -0.9999999999999996,
        -1.1130800726903094e-18
      ],
      [
        -0.973658338634012,
        0.22801192865386488,
        -0.0,
        0.020051468002406418
      ],
      [
        0.0,
        0.0,
        0.0,
        1.0
      ]
    ],
    [
      [
        0.2684727354147386,
        0.9632872833889834,
        1.3061309696790607e-16,
        0.21489968766311116
      ],
      [
        -1.3061309696790607e-16,
        1.5165606398593782e-16,
        -1.0,
        2.85763814584337e-17
      ],
      [
        -0.9632872833889834,
        0.26847273541473865,
        1.5165606398593782e-16,
        0.02832898274165813
      ],
      [
        0.0,
        0.0,
        0.0,
        1.0
      ]
    ],
    [
      [
        0.3084651584980301,
        0.9512356416749662,
        0.0,
        0.24690402823606913
      ],
      [
        -0.0,
        -0.0,
        -0.9999999999999998,
        -0.0
      ],
      [
        -0.9512356416749662,
        0.3084651584980301,
        -0.0,
        0.03827934920376287
      ],
      [
        0.0,
        0.0,
        0.0,
        1.0
      ]
    ],
    [
      [
        0.34791942988580826,
        0.9375244371790711,
        0.0,
        0.2784840517193253
      ],
      [
        -0.0,
        -0.0,
        -1.0,
        -0.0
      ],
      [
        -0.937524437179071,
        0.34791942988580826,
        -0.0,
        0.04876588547488513
      ],
      [
        0.0,
        0.0,
        0.0,
        1.0
      ]
    ],
    [
      [
        0.3867667061459646,
        0.9221775940766513,
        0.0,
        0.3095802680939897
      ],
      [
        -0.0,
        -0.0,
        -1.0,
        -0.0
      ],
      [
        -0.9221775940766513,
        0.38676670614596464,
        -0.0,
        0.06098615768289464
      ],
      [
        0.0,
        0.0,
        0.0,
        1.0
      ]
    ],
    [
      [
        0.4249392127756629,
        0.9052218874097112,
        0.0,
        0.34011786658955107
      ],
      [
        5.0249909089845125e-17,
        -2.3588864904481467e-17,
        -1.0,
        -4.1735876017250796e-18
      ],
      [
        -0.9052218874097112,
        0.4249392127756628,
        -0.0,
        0.07518467027170876
      ],
      [
        0.0,
        0.0,
        0.0,
        1.0
      ]
    ],
    [
      [
        0.4623703412279109,
        0.8866869050306233,
        0.0,
        0.37010002218370974
      ],
      [
        -0.0,
        -0.0,
        -1.0,
        -0.0
      ],
      [
        -0.8866869050306232,
        0.4623703412279109,
        -0.0,
        0.08963738438060882
      ],
      [
        0.0,
        0.0,
        0.0,
        1.0
      ]
    ],
    [
      [
        0.4989948003557086,
        0.8666049787636614,
        -7.580601586006763e-17,
        0.39940881962169716
      ],
      [
        -2.769977582615704e-17,
        -4.810624003391058e-17,
        -0.9999999999999998,
        -2.2171643389118207e-17
      ],
      [
        -0.8666049787636615,
        0.4989948003557086,
        2.0406464207753538e-17,
        0.10555876824028311
      ],
      [
        0.0,
        0.0,
        0.0,
        1.0
      ]
    ],
    [
      [
        0.5347486939840365,
        0.8450111444722885,
        0.0,
        0.42802267534308375
      ],
      [
        -0.0,
        -0.0,
        -0.9999999999999998,
        -0.0
      ],
      [
        -0.8450111444722885,
        0.5347486939840365,
        -0.0,
        0.122918358545066
      ],
      [
        0.0,
        0.0,
        0.0,
        1.0
      ]
    ],
    [
      [
        0.5695696465049114,
        0.8219430745375679,
        1.0526355215855164e-16,
        0.4559072609824926
      ],
      [
        -1.4009539530271765e-17,
        7.724447309800812e-17,
        -0.9999999999999998,
        3.316377364932807e-17
      ],
      [
        -0.821943074537568,
        0.5695696465049112,
        1.404794066657445e-16,
        0.1415181736147609
      ],
      [
        0.0,
        0.0,
        0.0,
        1.0
      ]
    ],
    [
      [
        0.6033969142670038,
        0.7974410096383667,
        0.0,
        0.4829601706608685
      ],
      [
        4.4266868484042294e-17,
        -3.3495257360349956e-17,
        -0.9999999999999998,
        -8.963413327476758e-18
      ],
      [
        -0.7974410096383667,
        0.6033969142670038,
        -0.0,
        0.16147049968636829
      ],
      [
        0.0,
        0.0,
        0.0,
        1.0
      ]
    ],
    [
      [
        0.6361714864134549,
        0.7715476912508361,
        3.0059555919366444e-17,
        0.5092146355129725
      ],
      [
        -2.2166239183560663e-16,
        2.5471717011902125e-16,
        -1.0,
        8.881652372634343e-17
      ],
      [
        -0.7715476912508363,
        0.6361714864134549,
        3.125764486498575e-16,
        0.1817936028533733
      ],
      [
        0.0,
        0.0,
        0.0,
        1.0
      ]
    ],
    [
      [
        0.6678361615398821,
        0.7443083106748682,
        8.68798794287208e-17,
        0.5345537238064105
      ],
      [
        -8.687987942872081e-17,
        1.5253447367938405e-16,
        -1.0,
        6.352642245027477e-17
      ],
      [
        -0.7443083106748684,
        0.6678361615398822,
        1.5253447367938405e-16,
        0.20327885536484736
      ],
      [
        0.0,
        0.0,
        0.0,
        1.0
      ]
    ],
    [
      [
        0.698335701171538,
        0.7157703880919187,
        0.0,
        0.5589577060109426
      ],
      [
        -3.9733238260226613e-17,
        3.8765418717919725e-17,
        -1.0,
        1.2571539397196243e-17
      ],
      [
        -0.7157703880919188,
        0.6983357011715381,
        -0.0,
        0.22646872057874604
      ],
      [
        0.0,
        0.0,
        0.0,
        1.0
      ]
    ],
    [
      [
        0.72761689070612,
        0.6859837172697019,
        0.0,
        0.5824183800182394
      ],
      [
        -0.0,
        -0.0,
        -1.0,
        -0.0
      ],
      [
        -0.6859837172697019,
        0.7276168907061201,
        0.0,
        0.25059693157549945
      ],
      [
        0.0,
        0.0,
        0.0,
        1.0
      ]
    ],
    [
      [
        0.7556286663129276,
        0.6550002432412879,
        6.713363550686285e-17,
        0.6048160494332284
      ],
      [
        -6.713363550686282e-17,
        1.621972690701896e-16,
        -1.0000000000000002,
        7.94053357212946e-17
      ],
      [
        -0.6550002432412879,
        0.7556286663129278,
        1.6219726907018962e-16,
        0.27520777067645913
      ],
      [
        0.0,
        0.0,
        0.0,
        1.0
      ]
    ],
    [
      [
        0.7823221530681008,
        0.6228740232333424,
        -8.602706380758717e-17,
        0.6261970811062901
      ],
      [
        8.602706380758717e-17,
        -2.8629092495608894e-16,
        -0.9999999999999998,
        -1.5300837566125207e-16
      ],
      [
        -0.6228740232333424,
        0.7823221530681007,
        -2.8629092495608894e-16,
        0.3007919384475478
      ],
      [
        0.0,
        0.0,
        0.0,
        1.0
      ]
    ]
  ],
  "intrinsic": [
    [
      [
        240.17770385742188,
        0.0,
        416.0
      ],
      [
        0.0,
        240.0,
        240.0
      ],
      [
        0.0,
        0.0,
        1.0
      ]
    ],
    [
      [
        240.17770385742188,
        0.0,
        416.0
      ],
      [
        0.0,
        240.0,
        240.0
      ],
      [
        0.0,
        0.0,
        1.0
      ]
    ],
    [
      [
        240.17770385742188,
        0.0,
        416.0
      ],
      [
        0.0,
        240.0,
        240.0
      ],
      [
        0.0,
        0.0,
        1.0
      ]
    ],
    [
      [
        240.17770385742188,
        0.0,
        416.0
      ],
      [
        0.0,
        240.0,
        240.0
      ],
      [
        0.0,
        0.0,
        1.0
      ]
    ],
    [
      [
        240.17770385742188,
        0.0,
        416.0
      ],
      [
        0.0,
        240.0,
        240.0
      ],
      [
        0.0,
        0.0,
        1.0
      ]
    ],
    [
      [
        240.17770385742188,
        0.0,
        416.0
      ],
      [
        0.0,
        240.0,
        240.0
      ],
      [
        0.0,
        0.0,
        1.0
      ]
    ],
    [
      [
        240.17770385742188,
        0.0,
        416.0
      ],
      [
        0.0,
        240.0,
        240.0
      ],
      [
        0.0,
        0.0,
        1.0
      ]
    ],
    [
      [
        240.17770385742188,
        0.0,
        416.0
      ],
      [
        0.0,
        240.0,
        240.0
      ],
      [
        0.0,
        0.0,
        1.0
      ]
    ],
    [
      [
        240.17770385742188,
        0.0,
        416.0
      ],
      [
        0.0,
        240.0,
        240.0
      ],
      [
        0.0,
        0.0,
        1.0
      ]
    ],
    [
      [
        240.17770385742188,
        0.0,
        416.0
      ],
      [
        0.0,
        240.0,
        240.0
      ],
      [
        0.0,
        0.0,
        1.0
      ]
    ],
    [
      [
        240.17770385742188,
        0.0,
        416.0
      ],
      [
        0.0,
        240.0,
        240.0
      ],
      [
        0.0,
        0.0,
        1.0
      ]
    ],
    [
      [
        240.17770385742188,
        0.0,
        416.0
      ],
      [
        0.0,
        240.0,
        240.0
      ],
      [
        0.0,
        0.0,
        1.0
      ]
    ],
    [
      [
        240.17770385742188,
        0.0,
        416.0
      ],
      [
        0.0,
        240.0,
        240.0
      ],
      [
        0.0,
        0.0,
        1.0
      ]
    ],
    [
      [
        240.17770385742188,
        0.0,
        416.0
      ],
      [
        0.0,
        240.0,
        240.0
      ],
      [
        0.0,
        0.0,
        1.0
      ]
    ],
    [
      [
        240.17770385742188,
        0.0,
        416.0
      ],
      [
        0.0,
        240.0,
        240.0
      ],
      [
        0.0,
        0.0,
        1.0
      ]
    ],
    [
      [
        240.17770385742188,
        0.0,
        416.0
      ],
      [
        0.0,
        240.0,
        240.0
      ],
      [
        0.0,
        0.0,
        1.0
      ]
    ],
    [
      [
        240.17770385742188,
        0.0,
        416.0
      ],
      [
        0.0,
        240.0,
        240.0
      ],
      [
        0.0,
        0.0,
        1.0
      ]
    ],
    [
      [
        240.17770385742188,
        0.0,
        416.0
      ],
      [
        0.0,
        240.0,
        240.0
      ],
      [
        0.0,
        0.0,
        1.0
      ]
    ],
    [
      [
        240.17770385742188,
        0.0,
        416.0
      ],
      [
        0.0,
        240.0,
        240.0
      ],
      [
        0.0,
        0.0,
        1.0
      ]
    ],
    [
      [
        240.17770385742188,
        0.0,
        416.0
      ],
      [
        0.0,
        240.0,
        240.0
      ],
      [
        0.0,
        0.0,
        1.0
      ]
    ],
    [
      [
        240.17770385742188,
        0.0,
        416.0
      ],
      [
        0.0,
        240.0,
        240.0
      ],
      [
        0.0,
        0.0,
        1.0
      ]
    ]
  ],
  "width": 832,
  "height": 480,
  "type": "left-rotation",
  "rotation_deg": 53.33333333333333
}