{
  "motion_list": [
    "pan_right-phi-72.25623590803207-theta0",
    "left-phi-76.0376089271021-theta0"
  ],
  "extrinsic": [
    [
      [
        1.0,
        0.0,
        0.0,
        0.0
      ],
      [
        0.0,
        1.0,
        0.0,
        0.0
      ],
      [
        0.0,
        0.0,
        1.0,
        1.4998546838760376
      ],
      [
        0.0,
        0.0,
        0.0,
        1.0
      ]
    ],
    [
      [
        0.9995030760765076,
        0.0,
        0.03152250871062279,
        -0.0011538901599124074
      ],
      [
        0.0,
        1.0,
        0.0,
        0.0
      ],
      [
        -0.03152250871062279,
        0.0,
        0.9995030760765076,
        1.4978892803192139
      ],
      [
        0.0,
        0.0,
        0.0,
        1.0
      ]
    ],
    [
      [
        0.9980126619338989,
        0.0,
        0.06301368772983551,
        -0.0011538866674527526
      ],
      [
        0.0,
        1.0,
        0.0,
        0.0
      ],
      [
        -0.06301368772983551,
        0.0,
        0.9980126619338989,
        1.4978892803192139
      ],
      [
        0.0,
        0.0,
        0.0,
        1.0
      ]
    ],
    [
      [
        0.9955303072929382,
        0.0,
        0.0944422259926796,
        -0.0011538737453520298
      ],
      [
        0.0,
        1.0,
        0.0,
        0.0
      ],
      [
        -0.0944422259926796,
        0.0,
        0.9955303072929382,
        1.4978892803192139
      ],
      [
        0.0,
        0.0,
        0.0,
        1.0
      ]
    ],
    [
      [
        0.992058515548706,
        0.0,
        0.12577691674232483,
        -0.0011538701364770532
      ],
      [
        0.0,
        1.0,
        0.0,
        0.0
      ],
      [
        -0.12577691674232483,
        0.0,
        0.992058515548706,
        1.4978892803192139
      ],
      [
        0.0,
        0.0,
        0.0,
        1.0
      ]
    ],
    [
      [
        0.9876007437705994,
        0.0,
        0.15698657929897308,
        -0.0011539165861904621
      ],
      [
        0.0,
        1.0,
        0.0,
        0.0
      ],
      [
        -0.15698657929897308,
        0.0,
        0.9876007437705994,
        1.4978891611099243
      ],
      [
        0.0,
        0.0,
        0.0,
        1.0
      ]
    ],
    [
      [
        0.9821613430976868,
        0.0,
        0.18804021179676056,
        -0.0011538875987753272
      ],
      [
        0.0,
        1.0,
        0.0,
        0.0
      ],
      [
        -0.18804021179676056,
        0.0,
        0.9821613430976868,
        1.4978892803192139
      ],
      [
        0.0,
        0.0,
        0.0,
        1.0
      ]
    ],
    [
      [
        0.9757457375526428,
        0.0,
        0.2189069539308548,
        -0.001153870252892375
      ],
      [
        0.0,
        1.0,
        0.0,
        0.0
      ],
      [
        -0.2189069539308548,
        0.0,
        0.9757457375526428,
        1.4978892803192139
      ],
      [
        0.0,
        0.0,
        0.0,
        1.0
      ]
    ],
    [
      [
        0.9683603048324585,
        0.0,
        0.24955610930919647,
        -0.001153870951384306
      ],
      [
        0.0,
        1.0,
        0.0,
        0.0
      ],
      [
        -0.24955610930919647,
        0.0,
        0.9683603048324585,
        1.4978892803192139
      ],
      [
        0.0,
        0.0,
        0.0,
        1.0
      ]
    ],
    [
      [
        0.9600124359130859,
        0.0,
        0.27995723485946655,
        -0.0011539150727912784
      ],
      [
        0.0,
        1.0,
        0.0,
        0.0
      ],
      [
        -0.27995723485946655,
        0.0,
        0.9600124359130859,
        1.4978891611099243
      ],
      [
        0.0,
        0.0,
        0.0,
        1.0
      ]
    ],
    [
      [
        0.9507104158401489,
        0.0,
        0.3100801110267639,
        -0.0011538563994690776
      ],
      [
        0.0,
        1.0,
        0.0,
        0.0
      ],
      [
        -0.3100801110267639,
        0.0,
        0.9507104158401489,
        1.4978893995285034
      ],
      [
        0.0,
        0.0,
        0.0,
        1.0
      ]
    ],
    [
      [
        0.9404634237289429,
        0.0,
        0.3398948013782501,
        -0.0011538558173924685
      ],
      [
        0.0,
        1.0,
        0.0,
        0.0
      ],
      [
        -0.3398948013782501,
        0.0,
        0.9404634237289429,
        1.4978891611099243
      ],
      [
        0.0,
        0.0,
        0.0,
        1.0
      ]
    ],
    [
      [
        0.9292817711830139,
        0.0,
        0.3693716526031494,
        -0.0011538236867636442
      ],
      [
        0.0,
        1.0,
        0.0,
        0.0
      ],
      [
        -0.3693716526031494,
        0.0,
        0.9292817711830139,
        1.4978892803192139
      ],
      [
        0.0,
        0.0,
        0.0,
        1.0
      ]
    ],
    [
      [
        0.9171764254570007,
        0.0,
        0.3984813690185547,
        -0.0011539380066096783
      ],
      [
        0.0,
        1.0,
        0.0,
        0.0
      ],
      [
        -0.3984813690185547,
        0.0,
        0.9171764254570007,
        1.4978892803192139
      ],
      [
        0.0,
        0.0,
        0.0,
        1.0
      ]
    ],
    [
      [
        0.9041594862937927,
        0.0,
        0.4271950423717499,
        -0.0011539465049281716
      ],
      [
        0.0,
        1.0,
        0.0,
        0.0
      ],
      [
        -0.4271950423717499,
        0.0,
        0.9041594862937927,
        1.4978892803192139
      ],
      [
        0.0,
        0.0,
        0.0,
        1.0
      ]
    ],
    [
      [
        0.8902439475059509,
        0.0,
        0.45548415184020996,
        -0.0011539461556822062
      ],
      [
        0.0,
        1.0,
        0.0,
        0.0
      ],
      [
        -0.45548415184020996,
        0.0,
        0.8902439475059509,
        1.4978891611099243
      ],
      [
        0.0,
        0.0,
        0.0,
        1.0
      ]
    ],
    [
      [
        0.8754435181617737,
        0.0,
        0.48332053422927856,
        -0.0011538859689608216
      ],
      [
        0.0,
        1.0,
        0.0,
        0.0
      ],
      [
        -0.48332053422927856,
        0.0,
        0.8754435181617737,
        1.4978892803192139
      ],
      [
        0.0,
        0.0,
        0.0,
        1.0
      ]
    ],
    [
      [
        0.8597729206085205,
        0.0,
        0.5106764435768127,
        -0.0011538431281223893
      ],
      [
        0.0,
        1.0,
        0.0,
        0.0
      ],
      [
        -0.5106764435768127,
        0.0,
        0.8597729206085205,
        1.4978892803192139
      ],
      [
        0.0,
        0.0,
        0.0,
        1.0
      ]
    ],
    [
      [
        0.8432478904724121,
        0.0,
        0.5375248789787292,
        -0.0011539118131622672
      ],
      [
        0.0,
        1.0,
        0.0,
        0.0
      ],
      [
        -0.5375248789787292,
        0.0,
        0.8432478904724121,
        1.4978892803192139
      ],
      [
        0.0,
        0.0,
        0.0,
        1.0
      ]
    ],
    [
      [
        0.8258846402168274,
        0.0,
        0.5638390779495239,
        -0.001153835328295827
      ],
      [
        0.0,
        1.0,
        0.0,
        0.0
      ],
      [
        -0.5638390779495239,
        0.0,
        0.8258846402168274,
        1.4978892803192139
      ],
      [
        0.0,
        0.0,
        0.0,
        1.0
      ]
    ],
    [
      [
        0.8077006340026855,
        0.0,
        0.5895928144454956,
        -0.0011539673432707787
      ],
      [
        0.0,
        1.0,
        0.0,
        0.0
      ],
      [
        -0.5895928144454956,
        0.0,
        0.8077006340026855,
        1.4978891611099243
      ],
      [
        0.0,
        0.0,
        0.0,
        1.0
      ]
    ],
    [
      [
        0.7887137532234192,
        0.0,
        0.6147605776786804,
        -0.0011539889965206385
      ],
      [
        0.0,
        1.0,
        0.0,
        0.0
      ],
      [
        -0.6147605776786804,
        0.0,
        0.7887137532234192,
        1.4978891611099243
      ],
      [
        0.0,
        0.0,
        0.0,
        1.0
      ]
    ],
    [
      [
        0.7689430713653564,
        0.0,
        0.6393172740936279,
        -0.001153851393610239
      ],
      [
        0.0,
        1.0,
        0.0,
        0.0
      ],
      [
        -0.6393172740936279,
        0.0,
        0.7689430713653564,
        1.4978892803192139
      ],
      [
        0.0,
        0.0,
        0.0,
        1.0
      ]
    ],
    [
      [
        0.7484080195426941,
        0.0,
        0.6632385849952698,
        -0.0011538811959326267
      ],
      [
        0.0,
        1.0,
        0.0,
        0.0
      ],
      [
        -0.6632385849952698,
        0.0,
        0.7484080195426941,
        1.4978892803192139
      ],
      [
        0.0,
        0.0,
        0.0,
        1.0
      ]
    ],
    [
      [
        0.7271291613578796,
        0.0,
        0.6865006685256958,
        -0.0011539008701220155
      ],
      [
        0.0,
        1.0,
        0.0,
        0.0
      ],
      [
        -0.6865006685256958,
        0.0,
        0.7271291613578796,
        1.4978893995285034
      ],
      [
        0.0,
        0.0,
        0.0,
        1.0
      ]
    ],
    [
      [
        0.7051275968551636,
        0.0,
        0.7090804576873779,
        -0.0011539424303919077
      ],
      [
        0.0,
        1.0,
        0.0,
        0.0
      ],
      [
        -0.7090804576873779,
        -0.0,
        0.7051275968551636,
        1.4978891611099243
      ],
      [
        0.0,
        0.0,
        0.0,
        1.0
      ]
    ],
    [
      [
        0.6824251413345337,
        0.0,
        0.7309554219245911,
        -0.0011539029655978084
      ],
      [
        0.0,
        1.0,
        0.0,
        0.0
      ],
      [
        -0.7309554219245911,
        -0.0,
        0.6824251413345337,
        1.4978892803192139
      ],
      [
        0.0,
        0.0,
        0.0,
        1.0
      ]
    ],
    [
      [
        0.6590444445610046,
        0.0,
        0.7521039247512817,
        -0.0011538269463926554
      ],
      [
        0.0,
        1.0,
        0.0,
        0.0
      ],
      [
        -0.7521039247512817,
        -0.0,
        0.6590444445610046,
        1.4978891611099243
      ],
      [
        0.0,
        0.0,
        0.0,
        1.0
      ]
    ],
    [
      [
        0.6350087523460388,
        0.0,
        0.7725049257278442,
        -0.001153984572738409
      ],
      [
        0.0,
        1.0,
        0.0,
        0.0
      ],
      [
        -0.7725049257278442,
        -0.0,
        0.6350087523460388,
        1.4978892803192139
      ],
      [
        0.0,
        0.0,
        0.0,
        1.0
      ]
    ],
    [
      [
        0.6103419065475464,
        0.0,
        0.7921380996704102,
        -0.0011538981925696135
      ],
      [
        0.0,
        1.0,
        0.0,
        0.0
      ],
      [
        -0.7921380996704102,
        -0.0,
        0.6103419065475464,
        1.4978892803192139
      ],
      [
        0.0,
        0.0,
        0.0,
        1.0
      ]
    ],
    [
      [
        0.58506840467453,
        0.0,
        0.8109839558601379,
        -0.0011538524413481355
      ],
      [
        0.0,
        1.0,
        0.0,
        0.0
      ],
      [
        -0.8109839558601379,
        -0.0,
        0.58506840467453,
        1.4978891611099243
      ],
      [
        0.0,
        0.0,
        0.0,
        1.0
      ]
    ],
    [
      [
        0.559213399887085,
        0.0,
        0.8290237784385681,
        -0.0011539086699485779
      ],
      [
        0.0,
        1.0,
        0.0,
        0.0
      ],
      [
        -0.8290237784385681,
        -0.0,
        0.559213399887085,
        1.4978892803192139
      ],
      [
        0.0,
        0.0,
        0.0,
        1.0
      ]
    ],
    [
      [
        0.5328025817871094,
        0.0,
        0.8462395668029785,
        -0.0011538411490619183
      ],
      [
        0.0,
        1.0,
        0.0,
        0.0
      ],
      [
        -0.8462395668029785,
        -0.0,
        0.5328025817871094,
        1.4978891611099243
      ],
      [
        0.0,
        0.0,
        0.0,
        1.0
      ]
    ],
    [
      [
        0.5058622360229492,
        0.0,
        0.8626142740249634,
        -0.0011538652470335364
      ],
      [
        0.0,
        1.0,
        0.0,
        0.0
      ],
      [
        -0.8626142740249634,
        -0.0,
        0.5058622360229492,
        1.4978893995285034
      ],
      [
        0.0,
        0.0,
        0.0,
        1.0
      ]
    ],
    [
      [
        0.47841909527778625,
        0.0,
        0.8781316876411438,
        -0.0011539305560290813
      ],
      [
        0.0,
        1.0,
        0.0,
        0.0
      ],
      [
        -0.8781316876411438,
        -0.0,
        0.47841909527778625,
        1.4978892803192139
      ],
      [
        0.0,
        0.0,
        0.0,
        1.0
      ]
    ],
    [
      [
        0.45050036907196045,
        0.0,
        0.8927761912345886,
        -0.0011539533734321594
      ],
      [
        0.0,
        1.0,
        0.0,
        0.0
      ],
      [
        -0.8927761912345886,
        -0.0,
        0.45050036907196045,
        1.4978893995285034
      ],
      [
        0.0,
        0.0,
        0.0,
        1.0
      ]
    ],
    [
      [
        0.4221339523792267,
        0.0,
        0.906533420085907,
        -0.0011539588449522853
      ],
      [
        0.0,
        1.0,
        0.0,
        0.0
      ],
      [
        -0.906533420085907,
        -0.0,
        0.4221339523792267,
        1.4978892803192139
      ],
      [
        0.0,
        0.0,
        0.0,
        1.0
      ]
    ],
    [
      [
        0.39334797859191895,
        0.0,
        0.9193896651268005,
        -0.0011539050610736012
      ],
      [
        0.0,
        1.0,
        0.0,
        0.0
      ],
      [
        -0.9193896651268005,
        -0.0,
        0.39334797859191895,
        1.4978892803192139
      ],
      [
        0.0,
        0.0,
        0.0,
        1.0
      ]
    ],
    [
      [
        0.36417102813720703,
        0.0,
        0.9313320517539978,
        -0.0011539114639163017
      ],
      [
        0.0,
        1.0,
        0.0,
        0.0
      ],
      [
        -0.9313320517539978,
        -0.0,
        0.36417102813720703,
        1.4978892803192139
      ],
      [
        0.0,
        0.0,
        0.0,
        1.0
      ]
    ],
    [
      [
        0.33463212847709656,
        0.0,
        0.942348837852478,
        -0.0011538909748196602
      ],
      [
        0.0,
        1.0,
        0.0,
        0.0
      ],
      [
        -0.942348837852478,
        -0.0,
        0.33463212847709656,
        1.4978892803192139
      ],
      [
        0.0,
        0.0,
        0.0,
        1.0
      ]
    ],
    [
      [
        0.3047606348991394,
        0.0,
        0.952428936958313,
        -0.0011538262479007244
      ],
      [
        0.0,
        1.0,
        0.0,
        0.0
      ],
      [
        -0.952428936958313,
        -0.0,
        0.3047606348991394,
        1.4978892803192139
      ],
      [
        0.0,
        0.0,
        0.0,
        1.0
      ]
    ],
    [
      [
        0.2729993462562561,
        0.0,
        0.9620142579078674,
        -0.004438717383891344
      ],
      [
        0.0,
        1.0,
        0.0,
        0.0
      ],
      [
        -0.9620141983032227,
        -0.0,
        0.2729993462562561,
        1.4963598251342773
      ],
      [
        0.0,
        0.0,
        0.0,
        1.0
      ]
    ],
    [
      [
        0.24093756079673767,
        0.0,
        0.9705406427383423,
        -0.004501942079514265
      ],
      [
        0.0,
        1.0,
        0.0,
        0.0
      ],
      [
        -0.9705405831336975,
        -0.0,
        0.24093756079673767,
        1.496401309967041
      ],
      [
        0.0,
        0.0,
        0.0,
        1.0
      ]
    ],
    [
      [
        0.20861060917377472,
        0.0,
        0.9779987931251526,
        -0.004563722759485245
      ],
      [
        0.0,
        1.0,
        0.0,
        0.0
      ],
      [
        -0.9779987931251526,
        -0.0,
        0.20861060917377472,
        1.496444821357727
      ],
      [
        0.0,
        0.0,
        0.0,
        1.0
      ]
    ],
    [
      [
        0.17605404555797577,
        0.0,
        0.9843804836273193,
        -0.004624086897820234
      ],
      [
        0.0,
        1.0,
        0.0,
        0.0
      ],
      [
        -0.9843804836273193,
        -0.0,
        0.17605404555797577,
        1.496490478515625
      ],
      [
        0.0,
        0.0,
        0.0,
        1.0
      ]
    ],
    [
      [
        0.14330369234085083,
        0.0,
        0.9896788001060486,
        -0.004682874772697687
      ],
      [
        0.0,
        1.0,
        0.0,
        0.0
      ],
      [
        -0.9896788001060486,
        -0.0,
        0.14330369234085083,
        1.4965379238128662
      ],
      [
        0.0,
        0.0,
        0.0,
        1.0
      ]
    ],
    [
      [
        0.11039562523365021,
        0.0,
        0.993887722492218,
        -0.004740061238408089
      ],
      [
        0.0,
        1.0,
        0.0,
        0.0
      ],
      [
        -0.9938876628875732,
        -0.0,
        0.11039562523365021,
        1.4965873956680298
      ],
      [
        0.0,
        0.0,
        0.0,
        1.0
      ]
    ],
    [
      [
        0.07736605405807495,
        0.0,
        0.9970027208328247,
        -0.004795558750629425
      ],
      [
        0.0,
        1.0,
        0.0,
        0.0
      ],
      [
        -0.9970027208328247,
        -0.0,
        0.07736604660749435,
        1.4966387748718262
      ],
      [
        0.0,
        0.0,
        0.0,
        1.0
      ]
    ],
    [
      [
        0.04425131529569626,
        0.0,
        0.9990203976631165,
        -0.004849349148571491
      ],
      [
        0.0,
        1.0,
        0.0,
        0.0
      ],
      [
        -0.9990203976631165,
        -0.0,
        0.044251296669244766,
        1.4966918230056763
      ],
      [
        0.0,
        0.0,
        0.0,
        1.0
      ]
    ],
    [
      [
        0.011087865568697453,
        0.0,
        0.9999384880065918,
        -0.004901320673525333
      ],
      [
        0.0,
        1.0,
        0.0,
        0.0
      ],
      [
        -0.9999384880065918,
        -0.0,
        0.01108785904943943,
        1.4967470169067383
      ],
      [
        0.0,
        0.0,
        0.0,
        1.0
      ]
    ],
    [
      [
        -0.022087788209319115,
        0.0,
        0.9997559785842896,
        -0.004951402544975281
      ],
      [
        0.0,
        1.0,
        0.0,
        0.0
      ],
      [
        -0.9997559785842896,
        -0.0,
        -0.022087767720222473,
        1.4968032836914062
      ],
      [
        0.0,
        0.0,
        0.0,
        1.0
      ]
    ],
    [
      [
        -0.05523908510804176,
        0.0,
        0.9984731674194336,
        -0.004999659489840269
      ],
      [
        0.0,
        1.0,
        0.0,
        0.0
      ],
      [
        -0.9984731674194336,
        -0.0,
        -0.05523908883333206,
        1.4968618154525757
      ],
      [
        0.0,
        0.0,
        0.0,
        1.0
      ]
    ],
    [
      [
        -0.08832961320877075,
        0.0,
        0.9960912466049194,
        -0.005045928526669741
      ],
      [
        0.0,
        1.0,
        0.0,
        0.0
      ],
      [
        -0.9960913062095642,
        -0.0,
        -0.08832960575819016,
        1.4969216585159302
      ],
      [
        0.0,
        0.0,
        0.0,
        1.0
      ]
    ],
    [
      [
        -0.12132293730974197,
        0.0,
        0.9926130175590515,
        -0.005090130493044853
      ],
      [
        0.0,
        1.0,
        0.0,
        0.0
      ],
      [
        -0.9926130771636963,
        -0.0,
        -0.12132294476032257,
        1.4969828128814697
      ],
      [
        0.0,
        0.0,
        0.0,
        1.0
      ]
    ],
    [
      [
        -0.15418268740177155,
        0.0,
        0.9880422949790955,
        -0.005132338963449001
      ],
      [
        0.0,
        1.0,
        0.0,
        0.0
      ],
      [
        -0.9880422949790955,
        -0.0,
        -0.15418268740177155,
        1.497045636177063
      ],
      [
        0.0,
        0.0,
        0.0,
        1.0
      ]
    ],
    [
      [
        -0.18687276542186737,
        0.0,
        0.9823840856552124,
        -0.00517243379727006
      ],
      [
        0.0,
        1.0,
        0.0,
        0.0
      ],
      [
        -0.9823840856552124,
        -0.0,
        -0.18687278032302856,
        1.4971096515655518
      ],
      [
        0.0,
        0.0,
        0.0,
        1.0
      ]
    ],
    [
      [
        -0.21935716271400452,
        0.0,
        0.975644588470459,
        -0.005210329312831163
      ],
      [
        0.0,
        1.0,
        0.0,
        0.0
      ],
      [
        -0.975644588470459,
        -0.0,
        -0.2193571925163269,
        1.4971752166748047
      ],
      [
        0.0,
        0.0,
        0.0,
        1.0
      ]
    ],
    [
      [
        -0.25160011649131775,
        0.0,
        0.9678311944007874,
        -0.005246219225227833
      ],
      [
        0.0,
        1.0,
        0.0,
        0.0
      ],
      [
        -0.9678311944007874,
        -0.0,
        -0.25160014629364014,
        1.497241735458374
      ],
      [
        0.0,
        0.0,
        0.0,
        1.0
      ]
    ],
    [
      [
        -0.2835662066936493,
        0.0,
        0.9589526653289795,
        -0.005279692821204662
      ],
      [
        0.0,
        1.0,
        0.0,
        0.0
      ],
      [
        -0.9589526653289795,
        -0.0,
        -0.2835662066936493,
        1.4973095655441284
      ],
      [
        0.0,
        0.0,
        0.0,
        1.0
      ]
    ],
    [
      [
        -0.31522008776664734,
        0.0,
        0.9490185379981995,
        -0.0053108492866158485
      ],
      [
        0.0,
        1.0,
        0.0,
        0.0
      ],
      [
        -0.9490185976028442,
        -0.0,
        -0.31522008776664734,
        1.4973784685134888
      ],
      [
        0.0,
        0.0,
        0.0,
        1.0
      ]
    ],
    [
      [
        -0.3465270698070526,
        0.0,
        0.9380398988723755,
        -0.005339825991541147
      ],
      [
        0.0,
        1.0,
        0.0,
        0.0
      ],
      [
        -0.9380398988723755,
        -0.0,
        -0.3465270400047302,
        1.497448205947876
      ],
      [
        0.0,
        0.0,
        0.0,
        1.0
      ]
    ],
    [
      [
        -0.3774526119232178,
        0.0,
        0.9260289072990417,
        -0.005366552621126175
      ],
      [
        0.0,
        1.0,
        0.0,
        0.0
      ],
      [
        -0.9260289072990417,
        -0.0,
        -0.37745264172554016,
        1.4975190162658691
      ],
      [
        0.0,
        0.0,
        0.0,
        1.0
      ]
    ],
    [
      [
        -0.40796273946762085,
        0.0,
        0.9129985570907593,
        -0.005390819162130356
      ],
      [
        0.0,
        1.0,
        0.0,
        0.0
      ],
      [
        -0.9129985570907593,
        -0.0,
        -0.40796273946762085,
        1.4975905418395996
      ],
      [
        0.0,
        0.0,
        0.0,
        1.0
      ]
    ],
    [
      [
        -0.4380238652229309,
        0.0,
        0.8989633321762085,
        -0.0054125054739415646
      ],
      [
        0.0,
        1.0,
        0.0,
        0.0
      ],
      [
        -0.8989633321762085,
        -0.0,
        -0.4380238354206085,
        1.497662901878357
      ],
      [
        0.0,
        0.0,
        0.0,
        1.0
      ]
    ],
    [
      [
        -0.46760278940200806,
        0.0,
        0.8839386105537415,
        -0.005432104226201773
      ],
      [
        0.0,
        1.0,
        0.0,
        0.0
      ],
      [
        -0.8839386105537415,
        -0.0,
        -0.46760278940200806,
        1.4977359771728516
      ],
      [
        0.0,
        0.0,
        0.0,
        1.0
      ]
    ],
    [
      [
        -0.49666711688041687,
        0.0,
        0.8679410815238953,
        -0.005449115764349699
      ],
      [
        0.0,
        1.0,
        0.0,
        0.0
      ],
      [
        -0.86794114112854,
        -0.0,
        -0.49666711688041687,
        1.497809648513794
      ],
      [
        0.0,
        0.0,
        0.0,
        1.0
      ]
    ],
    [
      [
        -0.5251847505569458,
        0.0,
        0.8509882092475891,
        -0.005463627632707357
      ],
      [
        0.0,
        1.0,
        0.0,
        0.0
      ],
      [
        -0.8509882092475891,
        -0.0,
        -0.5251847505569458,
        1.497883915901184
      ],
      [
        0.0,
        0.0,
        0.0,
        1.0
      ]
    ],
    [
      [
        -0.5531243681907654,
        0.0,
        0.8330987095832825,
        -0.005475686397403479
      ],
      [
        0.0,
        1.0,
        0.0,
        0.0
      ],
      [
        -0.8330987095832825,
        -0.0,
        -0.5531243681907654,
        1.4979585409164429
      ],
      [
        0.0,
        0.0,
        0.0,
        1.0
      ]
    ],
    [
      [
        -0.5804551243782043,
        0.0,
        0.8142921924591064,
        -0.005485504399985075
      ],
      [
        0.0,
        1.0,
        0.0,
        0.0
      ],
      [
        -0.8142921924591064,
        -0.0,
        -0.5804550647735596,
        1.4980335235595703
      ],
      [
        0.0,
        0.0,
        0.0,
        1.0
      ]
    ],
    [
      [
        -0.6071470379829407,
        0.0,
        0.7945894598960876,
        -0.005492670927196741
      ],
      [
        0.0,
        1.0,
        0.0,
        0.0
      ],
      [
        -0.7945894598960876,
        -0.0,
        -0.6071470379829407,
        1.4981087446212769
      ],
      [
        0.0,
        0.0,
        0.0,
        1.0
      ]
    ],
    [
      [
        -0.6331707239151001,
        0.0,
        0.7740121483802795,
        -0.005497187376022339
      ],
      [
        0.0,
        1.0,
        0.0,
        0.0
      ],
      [
        -0.7740120887756348,
        -0.0,
        -0.6331706643104553,
        1.4981842041015625
      ],
      [
        0.0,
        0.0,
        0.0,
        1.0
      ]
    ],
    [
      [
        -0.6584975123405457,
        0.0,
        0.7525829076766968,
        -0.005499308928847313
      ],
      [
        0.0,
        1.0,
        0.0,
        0.0
      ],
      [
        -0.7525829076766968,
        -0.0,
        -0.6584974527359009,
        1.4982597827911377
      ],
      [
        0.0,
        0.0,
        0.0,
        1.0
      ]
    ],
    [
      [
        -0.6830994486808777,
        0.0,
        0.7303253412246704,
        -0.005498827900737524
      ],
      [
        0.0,
        1.0,
        0.0,
        0.0
      ],
      [
        -0.7303252816200256,
        -0.0,
        -0.6830993890762329,
        1.498335361480713
      ],
      [
        0.0,
        0.0,
        0.0,
        1.0
      ]
    ],
    [
      [
        -0.7069495916366577,
        0.0,
        0.7072639465332031,
        -0.0054960595443844795
      ],
      [
        0.0,
        1.0,
        0.0,
        0.0
      ],
      [
        -0.7072639465332031,
        -0.0,
        -0.7069495916366577,
        1.498410940170288
      ],
      [
        0.0,
        0.0,
        0.0,
        1.0
      ]
    ],
    [
      [
        -0.7300215363502502,
        -0.0,
        0.6834240555763245,
        -0.005490722134709358
      ],
      [
        0.0,
        1.0,
        0.0,
        0.0
      ],
      [
        -0.6834240555763245,
        -0.0,
        -0.7300215363502502,
        1.4984865188598633
      ],
      [
        0.0,
        0.0,
        0.0,
        1.0
      ]
    ],
    [
      [
        -0.7522900700569153,
        -0.0,
        0.6588320136070251,
        -0.005482699256390333
      ],
      [
        0.0,
        1.0,
        0.0,
        0.0
      ],
      [
        -0.6588320136070251,
        -0.0,
        -0.7522901296615601,
        1.4985616207122803
      ],
      [
        0.0,
        0.0,
        0.0,
        1.0
      ]
    ],
    [
      [
        -0.7737305164337158,
        -0.0,
        0.6335147619247437,
        -0.005472448654472828
      ],
      [
        0.0,
        1.0,
        0.0,
        0.0
      ],
      [
        -0.6335147619247437,
        -0.0,
        -0.7737305164337158,
        1.4986366033554077
      ],
      [
        0.0,
        0.0,
        0.0,
        1.0
      ]
    ],
    [
      [
        -0.7943193912506104,
        -0.0,
        0.6075002551078796,
        -0.0054594986140728
      ],
      [
        0.0,
        1.0,
        0.0,
        0.0
      ],
      [
        -0.6075002551078796,
        -0.0,
        -0.7943193912506104,
        1.498711109161377
      ],
      [
        0.0,
        0.0,
        0.0,
        1.0
      ]
    ],
    [
      [
        -0.8140340447425842,
        -0.0,
        0.5808171033859253,
        -0.005444128531962633
      ],
      [
        0.0,
        1.0,
        0.0,
        0.0
      ],
      [
        -0.5808170437812805,
        -0.0,
        -0.8140340447425842,
        1.4987848997116089
      ],
      [
        0.0,
        0.0,
        0.0,
        1.0
      ]
    ],
    [
      [
        -0.8328527212142944,
        -0.0,
        0.5534946918487549,
        -0.005426323506981134
      ],
      [
        0.0,
        1.0,
        0.0,
        0.0
      ],
      [
        -0.5534946918487549,
        -0.0,
        -0.8328527212142944,
        1.4988584518432617
      ],
      [
        0.0,
        0.0,
        0.0,
        1.0
      ]
    ],
    [
      [
        -0.8507546782493591,
        -0.0,
        0.5255630016326904,
        -0.005406172014772892
      ],
      [
        0.0,
        1.0,
        0.0,
        0.0
      ],
      [
        -0.5255630016326904,
        -0.0,
        -0.8507546186447144,
        1.4989314079284668
      ],
      [
        0.0,
        0.0,
        0.0,
        1.0
      ]
    ]
  ],
  "intrinsic": [
    [
      [
        540.760498046875,
        0.0,
        540.0
      ],
      [
        0.0,
        540.760498046875,
        360.0
      ],
      [
        0.0,
        0.0,
        1.0
      ]
    ],
    [
      [
        540.760498046875,
        0.0,
        540.0
      ],
      [
        0.0,
        540.760498046875,
        360.0
      ],
      [
        0.0,
        0.0,
        1.0
      ]
    ],
    [
      [
        540.760498046875,
        0.0,
        540.0
      ],
      [
        0.0,
        540.760498046875,
        360.0
      ],
      [
        0.0,
        0.0,
        1.0
      ]
    ],
    [
      [
        540.760498046875,
        0.0,
        540.0
      ],
      [
        0.0,
        540.760498046875,
        360.0
      ],
      [
        0.0,
        0.0,
        1.0
      ]
    ],
    [
      [
        540.760498046875,
        0.0,
        540.0
      ],
      [
        0.0,
        540.760498046875,
        360.0
      ],
      [
        0.0,
        0.0,
        1.0
      ]
    ],
    [
      [
        540.760498046875,
        0.0,
        540.0
      ],
      [
        0.0,
        540.760498046875,
        360.0
      ],
      [
        0.0,
        0.0,
        1.0
      ]
    ],
    [
      [
        540.760498046875,
        0.0,
        540.0
      ],
      [
        0.0,
        540.760498046875,
        360.0
      ],
      [
        0.0,
        0.0,
        1.0
      ]
    ],
    [
      [
        540.760498046875,
        0.0,
        540.0
      ],
      [
        0.0,
        540.760498046875,
        360.0
      ],
      [
        0.0,
        0.0,
        1.0
      ]
    ],
    [
      [
        540.760498046875,
        0.0,
        540.0
      ],
      [
        0.0,
        540.760498046875,
        360.0
      ],
      [
        0.0,
        0.0,
        1.0
      ]
    ],
    [
      [
        540.760498046875,
        0.0,
        540.0
      ],
      [
        0.0,
        540.760498046875,
        360.0
      ],
      [
        0.0,
        0.0,
        1.0
      ]
    ],
    [
      [
        540.760498046875,
        0.0,
        540.0
      ],
      [
        0.0,
        540.760498046875,
        360.0
      ],
      [
        0.0,
        0.0,
        1.0
      ]
    ],
    [
      [
        540.760498046875,
        0.0,
        540.0
      ],
      [
        0.0,
        540.760498046875,
        360.0
      ],
      [
        0.0,
        0.0,
        1.0
      ]
    ],
    [
      [
        540.760498046875,
        0.0,
        540.0
      ],
      [
        0.0,
        540.760498046875,
        360.0
      ],
      [
        0.0,
        0.0,
        1.0
      ]
    ],
    [
      [
        540.760498046875,
        0.0,
        540.0
      ],
      [
        0.0,
        540.760498046875,
        360.0
      ],
      [
        0.0,
        0.0,
        1.0
      ]
    ],
    [
      [
        540.760498046875,
        0.0,
        540.0
      ],
      [
        0.0,
        540.760498046875,
        360.0
      ],
      [
        0.0,
        0.0,
        1.0
      ]
    ],
    [
      [
        540.760498046875,
        0.0,
        540.0
      ],
      [
        0.0,
        540.760498046875,
        360.0
      ],
      [
        0.0,
        0.0,
        1.0
      ]
    ],
    [
      [
        540.760498046875,
        0.0,
        540.0
      ],
      [
        0.0,
        540.760498046875,
        360.0
      ],
      [
        0.0,
        0.0,
        1.0
      ]
    ],
    [
      [
        540.760498046875,
        0.0,
        540.0
      ],
      [
        0.0,
        540.760498046875,
        360.0
      ],
      [
        0.0,
        0.0,
        1.0
      ]
    ],
    [
      [
        540.760498046875,
        0.0,
        540.0
      ],
      [
        0.0,
        540.760498046875,
        360.0
      ],
      [
        0.0,
        0.0,
        1.0
      ]
    ],
    [
      [
        540.760498046875,
        0.0,
        540.0
      ],
      [
        0.0,
        540.760498046875,
        360.0
      ],
      [
        0.0,
        0.0,
        1.0
      ]
    ],
    [
      [
        540.760498046875,
        0.0,
        540.0
      ],
      [
        0.0,
        540.760498046875,
        360.0
      ],
      [
        0.0,
        0.0,
        1.0
      ]
    ],
    [
      [
        540.760498046875,
        0.0,
        540.0
      ],
      [
        0.0,
        540.760498046875,
        360.0
      ],
      [
        0.0,
        0.0,
        1.0
      ]
    ],
    [
      [
        540.760498046875,
        0.0,
        540.0
      ],
      [
        0.0,
        540.760498046875,
        360.0
      ],
      [
        0.0,
        0.0,
        1.0
      ]
    ],
    [
      [
        540.760498046875,
        0.0,
        540.0
      ],
      [
        0.0,
        540.760498046875,
        360.0
      ],
      [
        0.0,
        0.0,
        1.0
      ]
    ],
    [
      [
        540.760498046875,
        0.0,
        540.0
      ],
      [
        0.0,
        540.760498046875,
        360.0
      ],
      [
        0.0,
        0.0,
        1.0
      ]
    ],
    [
      [
        540.760498046875,
        0.0,
        540.0
      ],
      [
        0.0,
        540.760498046875,
        360.0
      ],
      [
        0.0,
        0.0,
        1.0
      ]
    ],
    [
      [
        540.760498046875,
        0.0,
        540.0
      ],
      [
        0.0,
        540.760498046875,
        360.0
      ],
      [
        0.0,
        0.0,
        1.0
      ]
    ],
    [
      [
        540.760498046875,
        0.0,
        540.0
      ],
      [
        0.0,
        540.760498046875,
        360.0
      ],
      [
        0.0,
        0.0,
        1.0
      ]
    ],
    [
      [
        540.760498046875,
        0.0,
        540.0
      ],
      [
        0.0,
        540.760498046875,
        360.0
      ],
      [
        0.0,
        0.0,
        1.0
      ]
    ],
    [
      [
        540.760498046875,
        0.0,
        540.0
      ],
      [
        0.0,
        540.760498046875,
        360.0
      ],
      [
        0.0,
        0.0,
        1.0
      ]
    ],
    [
      [
        540.760498046875,
        0.0,
        540.0
      ],
      [
        0.0,
        540.760498046875,
        360.0
      ],
      [
        0.0,
        0.0,
        1.0
      ]
    ],
    [
      [
        540.760498046875,
        0.0,
        540.0
      ],
      [
        0.0,
        540.760498046875,
        360.0
      ],
      [
        0.0,
        0.0,
        1.0
      ]
    ],
    [
      [
        540.760498046875,
        0.0,
        540.0
      ],
      [
        0.0,
        540.760498046875,
        360.0
      ],
      [
        0.0,
        0.0,
        1.0
      ]
    ],
    [
      [
        540.760498046875,
        0.0,
        540.0
      ],
      [
        0.0,
        540.760498046875,
        360.0
      ],
      [
        0.0,
        0.0,
        1.0
      ]
    ],
    [
      [
        540.760498046875,
        0.0,
        540.0
      ],
      [
        0.0,
        540.760498046875,
        360.0
      ],
      [
        0.0,
        0.0,
        1.0
      ]
    ],
    [
      [
        540.760498046875,
        0.0,
        540.0
      ],
      [
        0.0,
        540.760498046875,
        360.0
      ],
      [
        0.0,
        0.0,
        1.0
      ]
    ],
    [
      [
        540.760498046875,
        0.0,
        540.0
      ],
      [
        0.0,
        540.760498046875,
        360.0
      ],
      [
        0.0,
        0.0,
        1.0
      ]
    ],
    [
      [
        540.760498046875,
        0.0,
        540.0
      ],
      [
        0.0,
        540.760498046875,
        360.0
      ],
      [
        0.0,
        0.0,
        1.0
      ]
    ],
    [
      [
        540.760498046875,
        0.0,
        540.0
      ],
      [
        0.0,
        540.760498046875,
        360.0
      ],
      [
        0.0,
        0.0,
        1.0
      ]
    ],
    [
      [
        540.760498046875,
        0.0,
        540.0
      ],
      [
        0.0,
        540.760498046875,
        360.0
      ],
      [
        0.0,
        0.0,
        1.0
      ]
    ],
    [
      [
        540.760498046875,
        0.0,
        540.0
      ],
      [
        0.0,
        540.760498046875,
        360.0
      ],
      [
        0.0,
        0.0,
        1.0
      ]
    ],
    [
      [
        540.760498046875,
        0.0,
        540.0
      ],
      [
        0.0,
        540.760498046875,
        360.0
      ],
      [
        0.0,
        0.0,
        1.0
      ]
    ],
    [
      [
        540.760498046875,
        0.0,
        540.0
      ],
      [
        0.0,
        540.760498046875,
        360.0
      ],
      [
        0.0,
        0.0,
        1.0
      ]
    ],
    [
      [
        540.760498046875,
        0.0,
        540.0
      ],
      [
        0.0,
        540.760498046875,
        360.0
      ],
      [
        0.0,
        0.0,
        1.0
      ]
    ],
