{
  "extrinsic": [
    [
      [
        1.0,
        0.0,
        0.0,
        0.0
      ],
      [
        0.0,
        0.9659258387722409,
        -0.25881905061666344,
        0.0
      ],
      [
        0.0,
        0.2588190506166634,
        0.965925838772241,
        0.0
      ],
      [
        0.0,
        0.0,
        0.0,
        1.0
      ]
    ],
    [
      [
        0.9876883237684697,
        -1.7696704074641617e-09,
        0.15643445082335436,
        -0.9449618490735147
      ],
      [
        0.040488214903943824,
        0.9659258399145798,
        -0.2556325575190936,
        -0.019248485847687034
      ],
      [
        -0.1511040698274973,
        0.25881904635339664,
        0.9540336853729473,
        0.07183622932661542
      ],
      [
        0.0,
        0.0,
        0.0,
        1.0
      ]
    ],
    [
      [
        0.951056490081325,
        -6.895614407428829e-09,
        0.3090169938511607,
        -1.8666557013681964
      ],
      [
        0.07997947909312765,
        0.9659258461281351,
        -0.24615153267055453,
        -0.0765197314673576
      ],
      [
        -0.2984874852106458,
        0.2588190231640932,
        0.9186500159319302,
        0.2855754459044736
      ],
      [
        0.0,
        0.0,
        0.0,
        1.0
      ]
    ],
    [
      [
        0.8910065197477209,
        -5.023888239480226e-10,
        0.4539905088565025,
        -2.7423862647151163
      ],
      [
        0.11750139337519563,
        0.9659258960804449,
        -0.23060948109012427,
        -0.17040359655675175
      ],
      [
        -0.438521148003259,
        0.2588190591871166,
        0.8606462353797761,
        0.6359547689904727
      ],
      [
        0.0,
        0.0,
        0.0,
        1.0
      ]
    ],
    [
      [
        0.8090169885574962,
        -1.641662064665409e-09,
        0.5877852573071483,
        -3.550590125797877
      ],
      [
        0.15213002109474053,
        0.9659258992264861,
        -0.2093890315676367,
        -0.2985883833630796
      ],
      [
        -0.5677569585120243,
        0.2588190474459321,
        0.7814504276286599,
        1.1143469784379492
      ],
      [
        0.0,
        0.0,
        0.0,
        1.0
      ]
    ],
    [
      [
        0.707106821162137,
        -1.0177683726507948e-08,
        0.707106825018842,
        -4.271367215841002
      ],
      [
        0.18301271706280162,
        0.9659258967488261,
        -0.18301273148387537,
        -0.45791777359144
      ],
      [
        -0.683012708626601,
        0.2588190566926844,
        0.6830127664697621,
        1.7089721714387873
      ],
      [
        0.0,
        0.0,
        0.0,
        1.0
      ]
    ],
    [
      [
        0.5877852838168706,
        -6.818576485238181e-09,
        0.8090170289017028,
        -4.886968803848342
      ],
      [
        0.20938900706996869,
        0.9659258406007669,
        -0.15213002808762668,
        -0.6444684618296966
      ],
      [
        -0.78145041026016,
        0.25881904379251197,
        0.5677569840831702,
        2.4051889621476663
      ],
      [
        0.0,
        0.0,
        0.0,
        1.0
      ]
    ],
    [
      [
        0.45399052834521014,
        -1.885671477736422e-08,
        0.8910065694223759,
        -5.382236781137945
      ],
      [
        0.23060946678729569,
        0.9659258388405378,
        -0.1175013876625792,
        -0.8536470778115398
      ],
      [
        -0.8606462249391682,
        0.25881905036177616,
        0.43852117370289884,
        3.18585397292535
      ],
      [
        0.0,
        0.0,
        0.0,
        1.0
      ]
    ],
    [
      [
        0.30901699097349294,
        -4.39667239321252e-09,
        0.9510564910163359,
        -5.744975776633174
      ],
      [
        0.24615154101435174,
        0.9659258987726583,
        -0.07997949906171867,
        -1.08030275837076
      ],
      [
        -0.9186500106714574,
        0.25881904913964,
        0.2984874788772744,
        4.0317447336442385
      ],
      [
        0.0,
        0.0,
        0.0,
        1.0
      ]
    ],
    [
      [
        0.15643445684637736,
        -8.892487774702447e-09,
        0.9876883800590507,
        -5.966255093345212
      ],
      [
        0.2556325708382953,
        0.9659258959635482,
        -0.04048822681343979,
        -1.3188548131529738
      ],
      [
        -0.9540336783731056,
        0.2588190596233808,
        0.1511040912932332,
        4.922032839023564
      ],
      [
        0.0,
        0.0,
        0.0,
        1.0
      ]
    ],
    [
      [
        -2.2172767216277867e-09,
        -7.378472111508859e-09,
        1.0,
        -6.040625081973694
      ],
      [
        0.25881906551782596,
        0.9659258943841365,
        -1.5848097698771996e-17,
        -1.5634289656672482
      ],
      [
        -0.9659258347794863,
        0.25881906551782596,
        5.914590166966994e-17,
        5.834795831578573
      ],
      [
        0.0,
        0.0,
        0.0,
        1.0
      ]
    ],
    [
      [
        -0.1564344568463775,
        8.892487269019614e-09,
        0.9876883800590506,
        -5.966255336629801
      ],
      [
        0.25563255752167535,
        0.9659258403516529,
        0.04048821563628508,
        -1.8080030535360174
      ],
      [
        -0.9540336819412831,
        0.2588190447222186,
        -0.15110409428814275,
        6.747559212990615
      ],
      [
        0.0,
        0.0,
        0.0,
        1.0
      ]
    ],
    [
      [
        -0.30901699795033666,
        -2.298123385989867e-08,
        0.9510564887494224,
        -5.744975578850641
      ],
      [
        0.2461515492434097,
        0.9659258964703022,
        0.07997947173890592,
        -2.0465549278916124
      ],
      [
        -0.9186500061196061,
        0.25881905773214997,
        -0.2984874854358516,
        7.637846670472514
      ],
      [
        0.0,
        0.0,
        0.0,
        1.0
      ]
    ],
    [
      [
        -0.4539905085533634,
        -8.406121343205373e-10,
        0.8910065795068259,
        -5.38223670073839
      ],
      [
        0.23060947537242754,
        0.9659258918548499,
        0.11750141008833337,
        -2.273210983094552
      ],
      [
        -0.8606462330789794,
        0.2588190749572503,
        -0.43852117301347887,
        8.483738024119976
      ],
      [
        0.0,
        0.0,
        0.0,
        1.0
      ]
    ],
    [
      [
        -0.5877852863411165,
        -4.825942962205709e-09,
        0.8090170270677307,
        -4.886968108067483
      ],
      [
        0.20938902058976985,
        0.9659258940229913,
        0.1521300338324002,
        -2.4823894775794155
      ],
      [
        -0.7814504047388726,
        0.2588190668656374,
        -0.5677569811644,
        9.264402944052792
      ],
      [
        0.0,
        0.0,
        0.0,
        1.0
      ]
    ],
    [
      [
        -0.7071068211621372,
        1.0177683121368279e-08,
        0.707106825018842,
        -4.271366911612997
      ],
      [
        0.18301270552034224,
        0.9659258411369305,
        0.18301272195290763,
        -2.668940135885304
      ],
      [
        -0.6830127117193936,
        0.2588190417915223,
        -0.6830127690235771,
        9.960620000485452
      ],
      [
        0.0,
        0.0,
        0.0,
        1.0
      ]
    ],
    [
      [
        -0.809016989889955,
        -6.81857654690572e-09,
        0.5877852554731762,
        -3.550590321105481
      ],
      [
        0.15213003573172626,
        0.9659258962126623,
        0.20938901993505524,
        -2.8282694859367288
      ],
      [
        -0.5677569526913885,
        0.2588190586936744,
        -0.7814504281323089,
        10.555244718488915
      ],
      [
        0.0,
        0.0,
        0.0,
        1.0
      ]
    ],
    [
      [
        -0.8910065197477208,
        5.023888697398868e-10,
        0.45399050885650233,
        -2.7423864134598337
      ],
      [
        0.11750139772634192,
        0.965925896080445,
        0.2306094788731044,
        -2.956454296861332
      ],
      [
        -0.4385211468373728,
        0.25881905918711656,
        -0.8606462359738246,
        11.03363680622944
      ],
      [
        0.0,
        0.0,
        0.0,
        1.0
      ]
    ],
    [
      [
        -0.9510564904496074,
        2.447804176296793e-09,
        0.3090169927177039,
        -1.8666557347208936
      ],
      [
        0.07997948749146351,
        0.9659258981970693,
        0.24615154461159,
        -3.0503380068562813
      ],
      [
        -0.29848748178687773,
        0.2588190512877675,
        -0.9186500091208599,
        11.384015546634869
      ],
      [
        0.0,
        0.0,
        0.0,
        1.0
      ]
    ],
    [
      [
        -0.9876883223595422,
        -6.436154596684032e-10,
        0.1564344597189747,
        -0.9449619163267422
      ],
      [
        0.04048821751969845,
        0.9659258915828779,
        0.2556325870928693,
        -3.1076095943710693
      ],
      [
        -0.15110407833603146,
        0.258819075972264,
        -0.9540337355946976,
        11.597755986185438
      ],
      [
        0.0,
        0.0,
        0.0,
        1.0
      ]
    ],
    [
      [
        -1.0,
        -2.254090419174805e-24,
        1.2246468804575088e-16,
        -7.397632703650956e-16
      ],
      [
        3.169619574996193e-17,
        0.9659258387722409,
        0.25881905061666344,
        -3.1268577279691008
      ],
      [
        -1.182918032449098e-16,
        0.2588190506166634,
        -0.965925838772241,
        11.669591717648741
      ],
      [
        0.0,
        0.0,
        0.0,
        1.0
      ]
    ]
  ],
  "intrinsic": [
    [
      [
        530.7259521484375,
        0.0,
        452.0
      ],
      [
        0.0,
        530.7259521484375,
        256.0
      ],
      [
        0.0,
        0.0,
        1.0
      ]
    ],
    [
      [
        530.7259521484375,
        0.0,
        452.0
      ],
      [
        0.0,
        530.7259521484375,
        256.0
      ],
      [
        0.0,
        0.0,
        1.0
      ]
    ],
    [
      [
        530.7259521484375,
        0.0,
        452.0
      ],
      [
        0.0,
        530.7259521484375,
        256.0
      ],
      [
        0.0,
        0.0,
        1.0
      ]
    ],
    [
      [
        530.7259521484375,
        0.0,
        452.0
      ],
      [
        0.0,
        530.7259521484375,
        256.0
      ],
      [
        0.0,
        0.0,
        1.0
      ]
    ],
    [
      [
        530.7259521484375,
        0.0,
        452.0
      ],
      [
        0.0,
        530.7259521484375,
        256.0
      ],
      [
        0.0,
        0.0,
        1.0
      ]
    ],
    [
      [
        530.7259521484375,
        0.0,
        452.0
      ],
      [
        0.0,
        530.7259521484375,
        256.0
      ],
      [
        0.0,
        0.0,
        1.0
      ]
    ],
    [
      [
        530.7259521484375,
        0.0,
        452.0
      ],
      [
        0.0,
        530.7259521484375,
        256.0
      ],
      [
        0.0,
        0.0,
        1.0
      ]
    ],
    [
      [
        530.7259521484375,
        0.0,
        452.0
      ],
      [
        0.0,
        530.7259521484375,
        256.0
      ],
      [
        0.0,
        0.0,
        1.0
      ]
    ],
    [
      [
        530.7259521484375,
        0.0,
        452.0
      ],
      [
        0.0,
        530.7259521484375,
        256.0
      ],
      [
        0.0,
        0.0,
        1.0
      ]
    ],
    [
      [
        530.7259521484375,
        0.0,
        452.0
      ],
      [
        0.0,
        530.7259521484375,
        256.0
      ],
      [
        0.0,
        0.0,
        1.0
      ]
    ],
    [
      [
        530.7259521484375,
        0.0,
        452.0
      ],
      [
        0.0,
        530.7259521484375,
        256.0
      ],
      [
        0.0,
        0.0,
        1.0
      ]
    ],
    [
      [
        530.7259521484375,
        0.0,
        452.0
      ],
      [
        0.0,
        530.7259521484375,
        256.0
      ],
      [
        0.0,
        0.0,
        1.0
      ]
    ],
    [
      [
        530.7259521484375,
        0.0,
        452.0
      ],
      [
        0.0,
        530.7259521484375,
        256.0
      ],
      [
        0.0,
        0.0,
        1.0
      ]
    ],
    [
      [
        530.7259521484375,
        0.0,
        452.0
      ],
      [
        0.0,
        530.7259521484375,
        256.0
      ],
      [
        0.0,
        0.0,
        1.0
      ]
    ],
    [
      [
        530.7259521484375,
        0.0,
        452.0
      ],
      [
        0.0,
        530.7259521484375,
        256.0
      ],
      [
        0.0,
        0.0,
        1.0
      ]
    ],
    [
      [
        530.7259521484375,
        0.0,
        452.0
      ],
      [
        0.0,
        530.7259521484375,
        256.0
      ],
      [
        0.0,
        0.0,
        1.0
      ]
    ],
    [
      [
        530.7259521484375,
        0.0,
        452.0
      ],
      [
        0.0,
        530.7259521484375,
        256.0
      ],
      [
        0.0,
        0.0,
        1.0
      ]
    ],
    [
      [
        530.7259521484375,
        0.0,
        452.0
      ],
      [
        0.0,
        530.7259521484375,
        256.0
      ],
      [
        0.0,
        0.0,
        1.0
      ]
    ],
    [
      [
        530.7259521484375,
        0.0,
        452.0
      ],
      [
        0.0,
        530.7259521484375,
        256.0
      ],
      [
        0.0,
        0.0,
        1.0
      ]
    ],
    [
      [
        530.7259521484375,
        0.0,
        452.0
      ],
      [
        0.0,
        530.7259521484375,
        256.0
      ],
      [
        0.0,
        0.0,
        1.0
      ]
    ],
    [
      [
        530.7259521484375,
        0.0,
        452.0
      ],
      [
        0.0,
        530.7259521484375,
        256.0
      ],
      [
        0.0,
        0.0,
        1.0
      ]
    ]
  ],
  "width": 904,
  "height": 512
}