{
  "id": 9,
  "type": "reconstruct",
  "width": 832,
  "height": 480,
  "intrinsic": [
    [
      [
        240.17770385742188,
        0.0,
        416.0
      ],
      [
        0.0,
        240.0,
        240.0
      ],
      [
        0.0,
        0.0,
        1.0
      ]
    ],
    [
      [
        240.17770385742188,
        0.0,
        416.0
      ],
      [
        0.0,
        240.0,
        240.0
      ],
      [
        0.0,
        0.0,
        1.0
      ]
    ],
    [
      [
        240.17770385742188,
        0.0,
        416.0
      ],
      [
        0.0,
        240.0,
        240.0
      ],
      [
        0.0,
        0.0,
        1.0
      ]
    ],
    [
      [
        240.17770385742188,
        0.0,
        416.0
      ],
      [
        0.0,
        240.0,
        240.0
      ],
      [
        0.0,
        0.0,
        1.0
      ]
    ],
    [
      [
        240.17770385742188,
        0.0,
        416.0
      ],
      [
        0.0,
        240.0,
        240.0
      ],
      [
        0.0,
        0.0,
        1.0
      ]
    ],
    [
      [
        240.17770385742188,
        0.0,
        416.0
      ],
      [
        0.0,
        240.0,
        240.0
      ],
      [
        0.0,
        0.0,
        1.0
      ]
    ],
    [
      [
        240.17770385742188,
        0.0,
        416.0
      ],
      [
        0.0,
        240.0,
        240.0
      ],
      [
        0.0,
        0.0,
        1.0
      ]
    ],
    [
      [
        240.17770385742188,
        0.0,
        416.0
      ],
      [
        0.0,
        240.0,
        240.0
      ],
      [
        0.0,
        0.0,
        1.0
      ]
    ],
    [
      [
        240.17770385742188,
        0.0,
        416.0
      ],
      [
        0.0,
        240.0,
        240.0
      ],
      [
        0.0,
        0.0,
        1.0
      ]
    ],
    [
      [
        240.17770385742188,
        0.0,
        416.0
      ],
      [
        0.0,
        240.0,
        240.0
      ],
      [
        0.0,
        0.0,
        1.0
      ]
    ],
    [
      [
        240.17770385742188,
        0.0,
        416.0
      ],
      [
        0.0,
        240.0,
        240.0
      ],
      [
        0.0,
        0.0,
        1.0
      ]
    ],
    [
      [
        240.17770385742188,
        0.0,
        416.0
      ],
      [
        0.0,
        240.0,
        240.0
      ],
      [
        0.0,
        0.0,
        1.0
      ]
    ],
    [
      [
        240.17770385742188,
        0.0,
        416.0
      ],
      [
        0.0,
        240.0,
        240.0
      ],
      [
        0.0,
        0.0,
        1.0
      ]
    ],
    [
      [
        240.17770385742188,
        0.0,
        416.0
      ],
      [
        0.0,
        240.0,
        240.0
      ],
      [
        0.0,
        0.0,
        1.0
      ]
    ],
    [
      [
        240.17770385742188,
        0.0,
        416.0
      ],
      [
        0.0,
        240.0,
        240.0
      ],
      [
        0.0,
        0.0,
        1.0
      ]
    ],
    [
      [
        240.17770385742188,
        0.0,
        416.0
      ],
      [
        0.0,
        240.0,
        240.0
      ],
      [
        0.0,
        0.0,
        1.0
      ]
    ],
    [
      [
        240.17770385742188,
        0.0,
        416.0
      ],
      [
        0.0,
        240.0,
        240.0
      ],
      [
        0.0,
        0.0,
        1.0
      ]
    ],
    [
      [
        240.17770385742188,
        0.0,
        416.0
      ],
      [
        0.0,
        240.0,
        240.0
      ],
      [
        0.0,
        0.0,
        1.0
      ]
    ],
    [
      [
        240.17770385742188,
        0.0,
        416.0
      ],
      [
        0.0,
        240.0,
        240.0
      ],
      [
        0.0,
        0.0,
        1.0
      ]
    ],
    [
      [
        240.17770385742188,
        0.0,
        416.0
      ],
      [
        0.0,
        240.0,
        240.0
      ],
      [
        0.0,
        0.0,
        1.0
      ]
    ],
    [
      [
        240.17770385742188,
        0.0,
        416.0
      ],
      [
        0.0,
        240.0,
        240.0
      ],
      [
        0.0,
        0.0,
        1.0
      ]
    ]
  ],
  "extrinsic": [
    [
      [
        0.2342876270017112,
        0.9721673250186446,
        -9.123069287668577e-19,
        0.0
      ],
      [
        -0.08872862732950013,
        0.021383170375273704,
        -0.9958262854117302,
        -0.0
      ],
      [
        -0.9681097760719751,
        0.23330977731504304,
        0.09126888452849252,
        -0.0
      ],
      [
        0.0,
        0.0,
        0.0,
        1.0
      ]
    ],
    [
      [
        0.23998372514106353,
        0.9707769113794469,
        3.913307953159723e-18,
        0.019520587695540645
      ],
      [
        -0.09174545728025388,
        0.022680202160555617,
        -0.9955241732365888,
        -0.010868184270153179
      ],
      [
        -0.966431882098193,
        0.23890959956129407,
        0.09450725105306239,
        -0.11448370404988674
      ],
      [
        0.0,
        0.0,
        0.0,
        1.0
      ]
    ],
    [
      [
        0.24796373989777798,
        0.9687693139730982,
        1.736488050573519e-18,
        0.04691473330735559
      ],
      [
        -0.09488204546561406,
        0.02428576803936422,
        -0.9951922421919294,
        -0.022373737029252
      ],
      [
        -0.9641117057396246,
        0.246771590291166,
        0.09794080396341791,
        -0.2273431360505329
      ],
      [
        0.0,
        0.0,
        0.0,
        1.0
      ]
    ],
    [
      [
        0.25827420427490005,
        0.9660716512796385,
        5.131984244255149e-18,
        0.08238989421127818
      ],
      [
        -0.09812938538596949,
        0.026234378053610997,
        -0.9948278148161682,
        -0.03451524281769547
      ],
      [
        -0.9610749497983697,
        0.2569383622621835,
        0.10157568049532283,
        -0.3380407930593041
      ],
      [
        0.0,
        0.0,
        0.0,
        1.0
      ]
    ],
    [
      [
        0.2709420659344555,
        0.9625956559777159,
        -1.838882708017437e-18,
        0.12610213869358047
      ],
      [
        -0.10147568550662094,
        0.028562389309094747,
        -0.9944279135100328,
        -0.04728380440614434
      ],
      [
        -0.9572319897277412,
        0.26943235330929827,
        0.10541880682346452,
        -0.44603364784008015
      ],
      [
        0.0,
        0.0,
        0.0,
        1.0
      ]
    ],
    [
      [
        0.2859795932941831,
        0.9582357080694153,
        6.11782755865934e-18,
        0.1781735592557455
      ],
      [
        -0.10490584617616042,
        0.03130850893052631,
        -0.9939892055282142,
        -0.06066175887734356
      ],
      [
        -0.9524759501726839,
        0.28426062873576685,
        0.10947812244183344,
        -0.5507687944180002
      ],
      [
        0.0,
        0.0,
        0.0,
        1.0
      ]
    ],
    [
      [
        0.30338880101893895,
        0.9528668508329433,
        5.428640008093117e-18,
        0.2387081437811029
      ],
      [
        -0.10840067939458306,
        0.03451432078092807,
        -0.9935079538523202,
        -0.07462057815435193
      ],
      [
        -0.9466807952647417,
        0.30141918692203473,
        0.11376267240257669,
        -0.651673667220639
      ],
      [
        0.0,
        0.0,
        0.0,
        1.0
      ]
    ],
    [
      [
        0.3231635369275841,
        0.9463431345978339,
        3.899837184049855e-18,
        0.3077998219087987
      ],
      [
        -0.11193597463443183,
        0.03822463982651704,
        -0.9929799668134159,
        -0.08911813720601298
      ],
      [
        -0.9396997743870612,
        0.3208949181736586,
        0.11828265091393211,
        -0.7481445862224669
      ],
      [
        0.0,
        0.0,
        0.0,
        1.0
      ]
    ],
    [
      [
        0.3452907984592757,
        0.9384957455947022,
        3.2473670953730405e-18,
        0.3855381854346746
      ],
      [
        -0.11548128704530289,
        0.04248780668228799,
        -0.9924005535194391,
        -0.10409503528456317
      ],
      [
        -0.9313636974038211,
        0.34266677951615426,
        0.1230493452819279,
        -0.8395328751919668
      ],
      [
        0.0,
        0.0,
        0.0,
        1.0
      ]
    ],
    [
      [
        0.3697499277600333,
        0.9291313098380929,
        -4.8183507021887424e-18,
        0.4720072061038411
      ],
      [
        -0.11899855692007523,
        0.04735574763099229,
        -0.99176447638401,
        -0.11947018897498289
      ],
      [
        -0.9214794269935656,
        0.3667048434979549,
        0.12807506932557414,
        -0.9251315656997516
      ],
      [
        0.0,
        0.0,
        0.0,
        1.0
      ]
    ],
    [
      [
        0.39651023508511773,
        0.9180303009556627,
        1.3435458817949403e-17,
        0.5672787853938335
      ],
      [
        -0.1224405472248094,
        0.052883799274948295,
        -0.9910658990044688,
        -0.1351356542181133
      ],
      [
        -0.9098285255299668,
        0.3929677725991055,
        0.13337310010067172,
        -1.0041630473771745
      ],
      [
        0.0,
        0.0,
        0.0,
        1.0
      ]
    ],
    [
      [
        0.42552753824287215,
        0.9049454758144055,
        -1.5141633741280406e-17,
        0.6714027742636309
      ],
      [
        -0.1257490535643389,
        0.059130286442338593,
        -0.9902983311875873,
        -0.15095052020356642
      ],
      [
        -0.896165994514763,
        0.4213992109962784,
        0.1389576023363961,
        -1.0757673256883498
      ],
      [
        0.0,
        0.0,
        0.0,
        1.0
      ]
    ],
    [
      [
        0.4567391560535289,
        0.8896006650894043,
        1.4108985406579142e-17,
        0.784391712292482
      ],
      [
        -0.12885296828060033,
        0.0661557463893745,
        -0.9894545617586205,
        -0.1667340589828162
      ],
      [
        -0.8802194362162135,
        0.4519226414909465,
        0.1448436060551401,
        -1.1389924605872774
      ],
      [
        0.0,
        0.0,
        0.0,
        1.0
      ]
    ],
    [
      [
        0.4900577958444644,
        0.8716899430027085,
        -8.831951974294286e-18,
        0.9062016914892277
      ],
      [
        -0.13166617688457458,
        0.07402177454182408,
        -0.9885265776691485,
        -0.1822580413898972
      ],
      [
        -0.8616886761450827,
        0.4844351557862147,
        0.15104702990036153,
        -1.192786895754816
      ],
      [
        0.0,
        0.0,
        0.0,
        1.0
      ]
    ],
    [
      [
        0.5253643566912494,
        0.8508773664391301,
        -2.592269631631717e-17,
        1.0367092666740998
      ],
      [
        -0.13408531472735377,
        0.08278942170983145,
        -0.9875054632899091,
        -0.19723825680245555
      ],
      [
        -0.840246047948371,
        0.5188001724503973,
        0.15758477075079885,
        -1.2359941587897103
      ],
      [
        0.0,
        0.0,
        0.0,
        1.0
      ]
    ],
    [
      [
        0.5624996703843067,
        0.8267975089570277,
        -1.2111375732378964e-18,
        1.1756843076672665
      ],
      [
        -0.13598742598160093,
        0.09251706912803061,
        -0.986381271058437,
        -0.21132531815986014
      ],
      [
        -0.8155375777929823,
        0.5548391398436243,
        0.16447488594050516,
        -1.2673505425548812
      ],
      [
        0.0,
        0.0,
        0.0,
        1.0
      ]
    ],
    [
      [
        0.6012554497535515,
        0.7990568716566142,
        -1.0256754110040325e-17,
        1.3227596020478758
      ],
      [
        -0.13722750754635732,
        0.10325771505761008,
        -0.9851428604287277,
        -0.2240946452088633
      ],
      [
        -0.7871851721890275,
        0.5923225136185749,
        0.1717368467927141,
        -1.2854855781431898
      ],
      [
        0.0,
        0.0,
        0.0,
        1.0
      ]
    ],
    [
      [
        0.6413644575328297,
        0.7672363603307778,
        2.064064636537446e-17,
        1.4773971033950577
      ],
      [
        -0.13763595545133042,
        0.11505556106204017,
        -0.983777699297813,
        -0.2350355973676267
      ],
      [
        -0.7547900213838404,
        0.6309600504430372,
        0.1793918570178186,
        -1.2889257242509289
      ],
      [
        0.0,
        0.0,
        0.0,
        1.0
      ]
    ],
    [
      [
        0.6824900571048474,
        0.7308948774981406,
        -1.8854862932818856e-17,
        1.6388513092998103
      ],
      [
        -0.13701586626495674,
        0.127941745482651,
        -0.9822716335894647,
        -0.24353948181903134
      ],
      [
        -0.7179373053022703,
        0.6703906233009457,
        0.18746316396957555,
        -1.2761009661009264
      ],
      [
        0.0,
        0.0,
        0.0,
        1.0
      ]
    ],
    [
      [
        0.7242153713967096,
        0.68957385089106,
        -3.8504487471097575e-17,
        1.806130640670796
      ],
      [
        -0.13514003623823773,
        0.14192894844891943,
        -0.9806086600666506,
        -0.24888570209549932
      ],
      [
        -0.6762020899392827,
        0.710171864944999,
        0.19597616131123766,
        -1.2453528694952567
      ],
      [
        0.0,
        0.0,
        0.0,
        1.0
      ]
    ],
    [
      [
        0.7660318274339403,
        0.6428026441748804,
        6.665819233086639e-18,
        1.9779561445084597
      ],
      [
        -0.13174754861607435,
        0.15700435637731494,
        -0.9787707676019957,
        -0.2502252732219542
      ],
      [
        -0.6291564374556403,
        0.7497695597450772,
        0.2049580066447754,
        -1.1949432313193038
      ],
      [
        0.0,
        0.0,
        0.0,
        1.0
      ]
    ]
  ]
}