{
  "extrinsic": [
    [
      [
        1.0,
        0.0,
        0.0,
        0.0
      ],
      [
        0.0,
        0.9396926172367759,
        -0.34202015428106647,
        0.0
      ],
      [
        0.0,
        0.34202015428106647,
        0.9396926172367759,
        0.0
      ],
      [
        0.0,
        0.0,
        0.0,
        1.0
      ]
    ],
    [
      [
        1.0,
        0.0,
        0.0,
        0.0
      ],
      [
        0.0,
        0.9255405079129378,
        -0.3786486093620102,
        0.04310991271892041
      ],
      [
        0.0,
        0.3786486093620102,
        0.9255405079129378,
        0.016656366204788848
      ],
      [
        0.0,
        0.0,
        0.0,
        1.0
      ]
    ],
    [
      [
        1.0,
        0.0,
        0.0,
        0.0
      ],
      [
        0.0,
        0.9099613066498561,
        -0.41469327419796864,
        0.08553265237703153
      ],
      [
        0.0,
        0.4146932741979687,
        0.9099613066498562,
        0.034992405307037545
      ],
      [
        0.0,
        0.0,
        0.0,
        1.0
      ]
    ],
    [
      [
        1.0,
        0.0,
        0.0,
        0.0
      ],
      [
        0.0,
        0.8929789186488095,
        -0.4500984309662635,
        0.12720282617949466
      ],
      [
        0.0,
        0.4500984309662635,
        0.8929789186488094,
        0.05497975167566151
      ],
      [
        0.0,
        0.0,
        0.0,
        1.0
      ]
    ],
    [
      [
        1.0,
        0.0,
        0.0,
        0.0
      ],
      [
        0.0,
        0.8746196848033262,
        -0.4848096162481871,
        0.16805618111208823
      ],
      [
        0.0,
        0.4848096162481871,
        0.8746196848033262,
        0.07658764341030747
      ],
      [
        0.0,
        0.0,
        0.0,
        1.0
      ]
    ],
    [
      [
        1.0,
        0.0,
        0.0,
        0.0
      ],
      [
        0.0,
        0.8549118742244921,
        -0.5187732640557842,
        0.20802974719858316
      ],
      [
        0.0,
        0.5187732640557842,
        0.8549118742244923,
        0.09978278533157091
      ],
      [
        0.0,
        0.0,
        0.0,
        1.0
      ]
    ],
    [
      [
        1.0,
        0.0,
        0.0,
        0.0
      ],
      [
        0.0,
        0.8338858361702645,
        -0.551937015338091,
        0.24706179114158117
      ],
      [
        0.0,
        0.551937015338091,
        0.8338858361702643,
        0.12452949292731504
      ],
      [
        0.0,
        0.0,
        0.0,
        1.0
      ]
    ],
    [
      [
        1.0,
        0.0,
        0.0,
        0.0
      ],
      [
        0.0,
        0.8115739727396643,
        -0.5842496684355177,
        0.2850922345456236
      ],
      [
        0.0,
        0.5842496684355176,
        0.811573972739664,
        0.15078935965488635
      ],
      [
        0.0,
        0.0,
        0.0,
        1.0
      ]
    ],
    [
      [
        1.0,
        0.0,
        0.0,
        0.0
      ],
      [
        0.0,
        0.7880107224090189,
        -0.6156614599810496,
        0.3220623849602383
      ],
      [
        0.0,
        0.6156614599810496,
        0.7880107224090189,
        0.17852216911644264
      ],
      [
        0.0,
        0.0,
        0.0,
        1.0
      ]
    ],
    [
      [
        1.0,
        0.0,
        0.0,
        0.0
      ],
      [
        0.0,
        0.7632324444968581,
        -0.6461239841012587,
        0.3579152696176096
      ],
      [
        0.0,
        0.6461239841012587,
        0.7632324444968583,
        0.20768495317958874
      ],
      [
        0.0,
        0.0,
        0.0,
        1.0
      ]
    ],
    [
      [
        1.0,
        0.0,
        0.0,
        0.0
      ],
      [
        0.0,
        0.7372773280319134,
        -0.6755902162556854,
        0.3925955604141456
      ],
      [
        0.0,
        0.6755902162556854,
        0.7372773280319134,
        0.2382328772621558
      ],
      [
        0.0,
        0.0,
        0.0,
        1.0
      ]
    ],
    [
      [
        1.0,
        0.0,
        0.0,
        0.0
      ],
      [
        0.0,
        0.7101853817789031,
        -0.70401475103897,
        0.42604986451137744
      ],
      [
        0.0,
        0.70401475103897,
        0.7101853817789031,
        0.27011878514455223
      ],
      [
        0.0,
        0.0,
        0.0,
        1.0
      ]
    ],
    [
      [
        1.0,
        0.0,
        0.0,
        0.0
      ],
      [
        -0.0,
        0.6819983623552915,
        -0.7313536897347143,
        0.45822640466628123
      ],
      [
        0.0,
        0.7313536897347145,
        0.6819983623552915,
        0.30329355647267253
      ],
      [
        0.0,
        0.0,
        0.0,
        1.0
      ]
    ],
    [
      [
        1.0,
        0.0,
        0.0,
        0.0
      ],
      [
        -0.0,
        0.6527597714900635,
        -0.7575650091149531,
        0.4890758046252919
      ],
      [
        0.0,
        0.757565009114953,
        0.6527597714900635,
        0.33770596377940487
      ],
      [
        0.0,
        0.0,
        0.0,
        1.0
      ]
    ],
    [
      [
        1.0,
        0.0,
        0.0,
        0.0
      ],
      [
        -0.0,
        0.6225146349158982,
        -0.7826081883888524,
        0.5185504295957721
      ],
      [
        0.0,
        0.7826081883888524,
        0.6225146349158982,
        0.3733029237940635
      ],
      [
        0.0,
        0.0,
        0.0,
        1.0
      ]
    ],
    [
      [
        1.0,
        0.0,
        0.0,
        0.0
      ],
      [
        -0.0,
        0.5913095971554168,
        -0.8064446314621614,
        0.5466047738599152
      ],
      [
        0.0,
        0.8064446314621614,
        0.5913095971554168,
        0.4100297215428907
      ],
      [
        0.0,
        0.0,
        0.0,
        1.0
      ]
    ],
    [
      [
        1.0,
        0.0,
        0.0,
        0.0
      ],
      [
        -0.0,
        0.5591929242215115,
        -0.8290375891157677,
        0.5731955933863507
      ],
      [
        0.0,
        0.8290375891157677,
        0.5591929242215115,
        0.44782952589257136
      ],
      [
        0.0,
        0.0,
        0.0,
        1.0
      ]
    ],
    [
      [
        1.0,
        0.0,
        0.0,
        0.0
      ],
      [
        -0.0,
        0.5262139303031387,
        -0.8503522056213701,
        0.5982818400763003
      ],
      [
        0.0,
        0.85035220562137,
        0.5262139303031387,
        0.48664414439161546
      ],
      [
        0.0,
        0.0,
        0.0,
        1.0
      ]
    ],
    [
      [
        1.0,
        0.0,
        0.0,
        0.0
      ],
      [
        -0.0,
        0.4924235727963432,
        -0.8703557335608778,
        0.6218249724538347
      ],
      [
        0.0,
        0.8703557335608778,
        0.49242357279634313,
        0.5264137890270598
      ],
      [
        0.0,
        0.0,
        0.0,
        1.0
      ]
    ],
    [
      [
        1.0,
        0.0,
        0.0,
        0.0
      ],
      [
        -0.0,
        0.45787387632075177,
        -0.889017155887495,
        0.6437886118782671
      ],
      [
        0.0,
        0.8890171558874949,
        0.45787387632075177,
        0.5670770343065741
      ],
      [
        0.0,
        0.0,
        0.0,
        1.0
      ]
    ],
    [
      [
        1.0,
        0.0,
        0.0,
        0.0
      ],
      [
        -0.0,
        0.4226182709273235,
        -0.9063078229715388,
        0.6641388401972533
      ],
      [
        0.0,
        0.9063078229715387,
        0.4226182709273235,
        0.6085711832960384
      ],
      [
        0.0,
        0.0,
        0.0,
        1.0
      ]
    ]
  ],
  "intrinsic": [
    [
      [
        680.0414428710938,
        0.0,
        384.0
      ],
      [
        0.0,
        680.0414428710938,
        256.0
      ],
      [
        0.0,
        0.0,
        1.0
      ]
    ],
    [
      [
        680.0414428710938,
        0.0,
        384.0
      ],
      [
        0.0,
        680.0414428710938,
        256.0
      ],
      [
        0.0,
        0.0,
        1.0
      ]
    ],
    [
      [
        680.0414428710938,
        0.0,
        384.0
      ],
      [
        0.0,
        680.0414428710938,
        256.0
      ],
      [
        0.0,
        0.0,
        1.0
      ]
    ],
    [
      [
        680.0414428710938,
        0.0,
        384.0
      ],
      [
        0.0,
        680.0414428710938,
        256.0
      ],
      [
        0.0,
        0.0,
        1.0
      ]
    ],
    [
      [
        680.0414428710938,
        0.0,
        384.0
      ],
      [
        0.0,
        680.0414428710938,
        256.0
      ],
      [
        0.0,
        0.0,
        1.0
      ]
    ],
    [
      [
        680.0414428710938,
        0.0,
        384.0
      ],
      [
        0.0,
        680.0414428710938,
        256.0
      ],
      [
        0.0,
        0.0,
        1.0
      ]
    ],
    [
      [
        680.0414428710938,
        0.0,
        384.0
      ],
      [
        0.0,
        680.0414428710938,
        256.0
      ],
      [
        0.0,
        0.0,
        1.0
      ]
    ],
    [
      [
        680.0414428710938,
        0.0,
        384.0
      ],
      [
        0.0,
        680.0414428710938,
        256.0
      ],
      [
        0.0,
        0.0,
        1.0
      ]
    ],
    [
      [
        680.0414428710938,
        0.0,
        384.0
      ],
      [
        0.0,
        680.0414428710938,
        256.0
      ],
      [
        0.0,
        0.0,
        1.0
      ]
    ],
    [
      [
        680.0414428710938,
        0.0,
        384.0
      ],
      [
        0.0,
        680.0414428710938,
        256.0
      ],
      [
        0.0,
        0.0,
        1.0
      ]
    ],
    [
      [
        680.0414428710938,
        0.0,
        384.0
      ],
      [
        0.0,
        680.0414428710938,
        256.0
      ],
      [
        0.0,
        0.0,
        1.0
      ]
    ],
    [
      [
        680.0414428710938,
        0.0,
        384.0
      ],
      [
        0.0,
        680.0414428710938,
        256.0
      ],
      [
        0.0,
        0.0,
        1.0
      ]
    ],
    [
      [
        680.0414428710938,
        0.0,
        384.0
      ],
      [
        0.0,
        680.0414428710938,
        256.0
      ],
      [
        0.0,
        0.0,
        1.0
      ]
    ],
    [
      [
        680.0414428710938,
        0.0,
        384.0
      ],
      [
        0.0,
        680.0414428710938,
        256.0
      ],
      [
        0.0,
        0.0,
        1.0
      ]
    ],
    [
      [
        680.0414428710938,
        0.0,
        384.0
      ],
      [
        0.0,
        680.0414428710938,
        256.0
      ],
      [
        0.0,
        0.0,
        1.0
      ]
    ],
    [
      [
        680.0414428710938,
        0.0,
        384.0
      ],
      [
        0.0,
        680.0414428710938,
        256.0
      ],
      [
        0.0,
        0.0,
        1.0
      ]
    ],
    [
      [
        680.0414428710938,
        0.0,
        384.0
      ],
      [
        0.0,
        680.0414428710938,
        256.0
      ],
      [
        0.0,
        0.0,
        1.0
      ]
    ],
    [
      [
        680.0414428710938,
        0.0,
        384.0
      ],
      [
        0.0,
        680.0414428710938,
        256.0
      ],
      [
        0.0,
        0.0,
        1.0
      ]
    ],
    [
      [
        680.0414428710938,
        0.0,
        384.0
      ],
      [
        0.0,
        680.0414428710938,
        256.0
      ],
      [
        0.0,
        0.0,
        1.0
      ]
    ],
    [
      [
        680.0414428710938,
        0.0,
        384.0
      ],
      [
        0.0,
        680.0414428710938,
        256.0
      ],
      [
        0.0,
        0.0,
        1.0
      ]
    ],
    [
      [
        680.0414428710938,
        0.0,
        384.0
      ],
      [
        0.0,
        680.0414428710938,
        256.0
      ],
      [
        0.0,
        0.0,
        1.0
      ]
    ]
  ],
  "width": 768,
  "height": 512
}