{
  "id": 7,
  "type": "exploration",
  "width": 832,
  "height": 480,
  "intrinsic": [
    [
      [
        240.17770385742188,
        0.0,
        416.0
      ],
      [
        0.0,
        240.0,
        240.0
      ],
      [
        0.0,
        0.0,
        1.0
      ]
    ],
    [
      [
        240.17770385742188,
        0.0,
        416.0
      ],
      [
        0.0,
        240.0,
        240.0
      ],
      [
        0.0,
        0.0,
        1.0
      ]
    ],
    [
      [
        240.17770385742188,
        0.0,
        416.0
      ],
      [
        0.0,
        240.0,
        240.0
      ],
      [
        0.0,
        0.0,
        1.0
      ]
    ],
    [
      [
        240.17770385742188,
        0.0,
        416.0
      ],
      [
        0.0,
        240.0,
        240.0
      ],
      [
        0.0,
        0.0,
        1.0
      ]
    ],
    [
      [
        240.17770385742188,
        0.0,
        416.0
      ],
      [
        0.0,
        240.0,
        240.0
      ],
      [
        0.0,
        0.0,
        1.0
      ]
    ],
    [
      [
        240.17770385742188,
        0.0,
        416.0
      ],
      [
        0.0,
        240.0,
        240.0
      ],
      [
        0.0,
        0.0,
        1.0
      ]
    ],
    [
      [
        240.17770385742188,
        0.0,
        416.0
      ],
      [
        0.0,
        240.0,
        240.0
      ],
      [
        0.0,
        0.0,
        1.0
      ]
    ],
    [
      [
        240.17770385742188,
        0.0,
        416.0
      ],
      [
        0.0,
        240.0,
        240.0
      ],
      [
        0.0,
        0.0,
        1.0
      ]
    ],
    [
      [
        240.17770385742188,
        0.0,
        416.0
      ],
      [
        0.0,
        240.0,
        240.0
      ],
      [
        0.0,
        0.0,
        1.0
      ]
    ],
    [
      [
        240.17770385742188,
        0.0,
        416.0
      ],
      [
        0.0,
        240.0,
        240.0
      ],
      [
        0.0,
        0.0,
        1.0
      ]
    ],
    [
      [
        240.17770385742188,
        0.0,
        416.0
      ],
      [
        0.0,
        240.0,
        240.0
      ],
      [
        0.0,
        0.0,
        1.0
      ]
    ],
    [
      [
        240.17770385742188,
        0.0,
        416.0
      ],
      [
        0.0,
        240.0,
        240.0
      ],
      [
        0.0,
        0.0,
        1.0
      ]
    ],
    [
      [
        240.17770385742188,
        0.0,
        416.0
      ],
      [
        0.0,
        240.0,
        240.0
      ],
      [
        0.0,
        0.0,
        1.0
      ]
    ],
    [
      [
        240.17770385742188,
        0.0,
        416.0
      ],
      [
        0.0,
        240.0,
        240.0
      ],
      [
        0.0,
        0.0,
        1.0
      ]
    ],
    [
      [
        240.17770385742188,
        0.0,
        416.0
      ],
      [
        0.0,
        240.0,
        240.0
      ],
      [
        0.0,
        0.0,
        1.0
      ]
    ],
    [
      [
        240.17770385742188,
        0.0,
        416.0
      ],
      [
        0.0,
        240.0,
        240.0
      ],
      [
        0.0,
        0.0,
        1.0
      ]
    ],
    [
      [
        240.17770385742188,
        0.0,
        416.0
      ],
      [
        0.0,
        240.0,
        240.0
      ],
      [
        0.0,
        0.0,
        1.0
      ]
    ],
    [
      [
        240.17770385742188,
        0.0,
        416.0
      ],
      [
        0.0,
        240.0,
        240.0
      ],
      [
        0.0,
        0.0,
        1.0
      ]
    ],
    [
      [
        240.17770385742188,
        0.0,
        416.0
      ],
      [
        0.0,
        240.0,
        240.0
      ],
      [
        0.0,
        0.0,
        1.0
      ]
    ],
    [
      [
        240.17770385742188,
        0.0,
        416.0
      ],
      [
        0.0,
        240.0,
        240.0
      ],
      [
        0.0,
        0.0,
        1.0
      ]
    ],
    [
      [
        240.17770385742188,
        0.0,
        416.0
      ],
      [
        0.0,
        240.0,
        240.0
      ],
      [
        0.0,
        0.0,
        1.0
      ]
    ]
  ],
  "extrinsic": [
    [
      [
        0.029191362310761602,
        -0.9995738413776352,
        -0.0,
        -0.0
      ],
      [
        -0.0,
        -0.0,
        -0.9999999999999998,
        -0.0
      ],
      [
        0.9995738413776353,
        0.0291913623107616,
        0.0,
        0.0
      ],
      [
        0.0,
        0.0,
        0.0,
        1.0
      ]
    ],
    [
      [
        0.017308244182291287,
        -0.9998502011218112,
        -0.0,
        0.002554522582791271
      ],
      [
        -0.0,
        -0.0,
        -0.9999999999999998,
        -0.0
      ],
      [
        0.9998502011218111,
        0.017308244182291287,
        0.0,
        -0.21490123222803995
      ],
      [
        0.0,
        0.0,
        0.0,
        1.0
      ]
    ],
    [
      [
        -0.0051056297921430955,
        -0.9999869661872725,
        -0.0,
        0.009633138485839226
      ],
      [
        -0.0,
        -0.0,
        -0.9999999999999998,
        -0.0
      ],
      [
        0.9999869661872726,
        -0.005105629792143096,
        0.0,
        -0.4296956530204314
      ],
      [
        0.0,
        0.0,
        0.0,
        1.0
      ]
    ],
    [
      [
        -0.02480727909277958,
        -0.9996922520976208,
        -0.0,
        0.02006954002044939
      ],
      [
        -0.0,
        -0.0,
        -1.0,
        -0.0
      ],
      [
        0.9996922520976208,
        -0.02480727909277958,
        0.0,
        -0.6443319874744968
      ],
      [
        0.0,
        0.0,
        0.0,
        1.0
      ]
    ],
    [
      [
        -0.04180896195048309,
        -0.9991256230828148,
        -0.0,
        0.03271104861528513
      ],
      [
        -0.0,
        -0.0,
        -1.0,
        -0.0
      ],
      [
        0.9991256230828149,
        -0.041808961950483094,
        0.0,
        -0.8588102504102624
      ],
      [
        0.0,
        0.0,
        0.0,
        1.0
      ]
    ],
    [
      [
        -0.05614040337175346,
        -0.9984228839070431,
        -0.0,
        0.04642995891621443
      ],
      [
        -0.0,
        -0.0,
        -1.0,
        -0.0
      ],
      [
        0.998422883907043,
        -0.05614040337175345,
        0.0,
        -1.0731681648723865
      ],
      [
        0.0,
        0.0,
        0.0,
        1.0
      ]
    ],
    [
      [
        -0.0678404748734302,
        -0.9976961811939281,
        -0.0,
        0.06012650916323223
      ],
      [
        -0.0,
        -0.0,
        -0.9999999999999998,
        -0.0
      ],
      [
        0.997696181193928,
        -0.0678404748734302,
        0.0,
        -1.2874680816222628
      ],
      [
        0.0,
        0.0,
        0.0,
        1.0
      ]
    ],
    [
      [
        -0.07694948832885687,
        -0.997034992488191,
        -0.0,
        0.07272555249908605
      ],
      [
        -0.0,
        -0.0,
        -1.0,
        -0.0
      ],
      [
        0.9970349924881912,
        -0.07694948832885688,
        0.0,
        -1.5017849295607835
      ],
      [
        0.0,
        0.0,
        0.0,
        1.0
      ]
    ],
    [
      [
        -0.08350521679510987,
        -0.996507340047228,
        -0.0,
        0.08317132790782543
      ],
      [
        -0.0,
        -0.0,
        -1.0,
        -0.0
      ],
      [
        0.9965073400472281,
        -0.08350521679510987,
        0.0,
        -1.7161950690617962
      ],
      [
        0.0,
        0.0,
        0.0,
        1.0
      ]
    ],
    [
      [
        -0.08753899077387596,
        -0.9961610939473049,
        -0.0,
        0.09041869657199167
      ],
      [
        -0.0,
        -0.0,
        -1.0,
        -0.0
      ],
      [
        0.996161093947305,
        -0.08753899077387597,
        0.0,
        -1.9307659925307377
      ],
      [
        0.0,
        0.0,
        0.0,
        1.0
      ]
    ],
    [
      [
        -0.08907343755116684,
        -0.9960250612925451,
        -0.0,
        0.09342408012017134
      ],
      [
        -0.0,
        -0.0,
        -1.0,
        -0.0
      ],
      [
        0.9960250612925452,
        -0.08907343755116684,
        0.0,
        -2.1455464631892736
      ],
      [
        0.0,
        0.0,
        0.0,
        1.0
      ]
    ],
    [
      [
        -0.08812149503341825,
        -0.9961097339716518,
        -0.0,
        0.09113692140096652
      ],
      [
        -0.0,
        -0.0,
        -1.0,
        -0.0
      ],
      [
        0.9961097339716519,
        -0.08812149503341825,
        0.0,
        -2.3605567021561904
      ],
      [
        0.0,
        0.0,
        0.0,
        1.0
      ]
    ],
    [
      [
        -0.08468521953888354,
        -0.9964077546826154,
        -0.0,
        0.08248973167390751
      ],
      [
        -0.0,
        -0.0,
        -1.0,
        -0.0
      ],
      [
        0.9964077546826153,
        -0.08468521953888353,
        0.0,
        -2.5757783800560916
      ],
      [
        0.0,
        0.0,
        0.0,
        1.0
      ]
    ],
    [
      [
        -0.07875680980189378,
        -0.9968938583970853,
        -0.0,
        0.06639309069546091
      ],
      [
        -0.0,
        -0.0,
        -0.9999999999999998,
        -0.0
      ],
      [
        0.9968938583970854,
        -0.07875680980189378,
        0.0,
        -2.791143845871297
      ],
      [
        0.0,
        0.0,
        0.0,
        1.0
      ]
    ],
    [
      [
        -0.07032001315876214,
        -0.9975244837844088,
        -0.0,
        0.041732347054312356
      ],
      [
        -0.0,
        -0.0,
        -1.0,
        -0.0
      ],
      [
        0.9975244837844089,
        -0.07032001315876214,
        0.0,
        -3.0065245497188915
      ],
      [
        0.0,
        0.0,
        0.0,
        1.0
      ]
    ],
    [
      [
        -0.059351573150867525,
        -0.9982371415472965,
        -0.0,
        0.007366163206592016
      ],
      [
        -0.0,
        -0.0,
        -0.9999999999999998,
        -0.0
      ],
      [
        0.9982371415472964,
        -0.059351573150867525,
        0.0,
        -3.2217185808263387
      ],
      [
        0.0,
        0.0,
        0.0,
        1.0
      ]
    ],
    [
      [
        -0.04582491143896593,
        -0.9989494869569785,
        -0.0,
        -0.037866436115046954
      ],
      [
        -0.0,
        -0.0,
        -0.9999999999999998,
        -0.0
      ],
      [
        0.9989494869569785,
        -0.04582491143896593,
        0.0,
        -3.4364373209290973
      ],
      [
        0.0,
        0.0,
        0.0,
        1.0
      ]
    ],
    [
      [
        -0.02971454515004061,
        -0.9995584254092033,
        -0.0,
        -0.09513298059266226
      ],
      [
        -0.0,
        -0.0,
        -0.9999999999999998,
        -0.0
      ],
      [
        0.9995584254092035,
        -0.029714545150040614,
        0.0,
        -3.6502918696157445
      ],
      [
        0.0,
        0.0,
        0.0,
        1.0
      ]
    ],
    [
      [
        -0.011001831890858177,
        -0.9999394780160672,
        -0.0,
        -0.16558543281784824
      ],
      [
        -0.0,
        -0.0,
        -1.0,
        -0.0
      ],
      [
        0.9999394780160673,
        -0.011001831890858177,
        0.0,
        -3.8627801849274985
      ],
      [
        0.0,
        0.0,
        0.0,
        1.0
      ]
    ],
    [
      [
        0.01031819316700363,
        -0.9999467660279562,
        -0.0,
        -0.2503286709594752
      ],
      [
        -0.0,
        -0.0,
        -0.9999999999999998,
        -0.0
      ],
      [
        0.9999467660279563,
        0.01031819316700363,
        0.0,
        -4.073276451863996
      ],
      [
        0.0,
        0.0,
        0.0,
        1.0
      ]
    ],
    [
      [
        0.02162816186356074,
        -0.9997660839488423,
        -0.0,
        -0.2963864270358082
      ],
      [
        -0.0,
        -0.0,
        -0.9999999999999998,
        -0.0
      ],
      [
        0.9997660839488423,
        0.02162816186356074,
        0.0,
        -4.285101291193118
      ],
      [
        0.0,
        0.0,
        0.0,
        1.0
      ]
    ]
  ]
}