{
  "id": 9,
  "type": "reconstruct",
  "width": 832,
  "height": 480,
  "intrinsic": [
    [
      [
        240.17770385742188,
        0.0,
        416.0
      ],
      [
        0.0,
        240.0,
        240.0
      ],
      [
        0.0,
        0.0,
        1.0
      ]
    ],
    [
      [
        240.17770385742188,
        0.0,
        416.0
      ],
      [
        0.0,
        240.0,
        240.0
      ],
      [
        0.0,
        0.0,
        1.0
      ]
    ],
    [
      [
        240.17770385742188,
        0.0,
        416.0
      ],
      [
        0.0,
        240.0,
        240.0
      ],
      [
        0.0,
        0.0,
        1.0
      ]
    ],
    [
      [
        240.17770385742188,
        0.0,
        416.0
      ],
      [
        0.0,
        240.0,
        240.0
      ],
      [
        0.0,
        0.0,
        1.0
      ]
    ],
    [
      [
        240.17770385742188,
        0.0,
        416.0
      ],
      [
        0.0,
        240.0,
        240.0
      ],
      [
        0.0,
        0.0,
        1.0
      ]
    ],
    [
      [
        240.17770385742188,
        0.0,
        416.0
      ],
      [
        0.0,
        240.0,
        240.0
      ],
      [
        0.0,
        0.0,
        1.0
      ]
    ],
    [
      [
        240.17770385742188,
        0.0,
        416.0
      ],
      [
        0.0,
        240.0,
        240.0
      ],
      [
        0.0,
        0.0,
        1.0
      ]
    ],
    [
      [
        240.17770385742188,
        0.0,
        416.0
      ],
      [
        0.0,
        240.0,
        240.0
      ],
      [
        0.0,
        0.0,
        1.0
      ]
    ],
    [
      [
        240.17770385742188,
        0.0,
        416.0
      ],
      [
        0.0,
        240.0,
        240.0
      ],
      [
        0.0,
        0.0,
        1.0
      ]
    ],
    [
      [
        240.17770385742188,
        0.0,
        416.0
      ],
      [
        0.0,
        240.0,
        240.0
      ],
      [
        0.0,
        0.0,
        1.0
      ]
    ],
    [
      [
        240.17770385742188,
        0.0,
        416.0
      ],
      [
        0.0,
        240.0,
        240.0
      ],
      [
        0.0,
        0.0,
        1.0
      ]
    ],
    [
      [
        240.17770385742188,
        0.0,
        416.0
      ],
      [
        0.0,
        240.0,
        240.0
      ],
      [
        0.0,
        0.0,
        1.0
      ]
    ],
    [
      [
        240.17770385742188,
        0.0,
        416.0
      ],
      [
        0.0,
        240.0,
        240.0
      ],
      [
        0.0,
        0.0,
        1.0
      ]
    ],
    [
      [
        240.17770385742188,
        0.0,
        416.0
      ],
      [
        0.0,
        240.0,
        240.0
      ],
      [
        0.0,
        0.0,
        1.0
      ]
    ],
    [
      [
        240.17770385742188,
        0.0,
        416.0
      ],
      [
        0.0,
        240.0,
        240.0
      ],
      [
        0.0,
        0.0,
        1.0
      ]
    ],
    [
      [
        240.17770385742188,
        0.0,
        416.0
      ],
      [
        0.0,
        240.0,
        240.0
      ],
      [
        0.0,
        0.0,
        1.0
      ]
    ],
    [
      [
        240.17770385742188,
        0.0,
        416.0
      ],
      [
        0.0,
        240.0,
        240.0
      ],
      [
        0.0,
        0.0,
        1.0
      ]
    ],
    [
      [
        240.17770385742188,
        0.0,
        416.0
      ],
      [
        0.0,
        240.0,
        240.0
      ],
      [
        0.0,
        0.0,
        1.0
      ]
    ],
    [
      [
        240.17770385742188,
        0.0,
        416.0
      ],
      [
        0.0,
        240.0,
        240.0
      ],
      [
        0.0,
        0.0,
        1.0
      ]
    ],
    [
      [
        240.17770385742188,
        0.0,
        416.0
      ],
      [
        0.0,
        240.0,
        240.0
      ],
      [
        0.0,
        0.0,
        1.0
      ]
    ],
    [
      [
        240.17770385742188,
        0.0,
        416.0
      ],
      [
        0.0,
        240.0,
        240.0
      ],
      [
        0.0,
        0.0,
        1.0
      ]
    ]
  ],
  "extrinsic": [
    [
      [
        0.8653302355061725,
        0.5012021383821423,
        4.205533622123996e-17,
        0.0
      ],
      [
        0.21354083448822173,
        -0.3686802717848525,
        -0.9046961750790822,
        -0.0
      ],
      [
        -0.45343565753578097,
        0.7828609542427155,
        -0.42605730928746993,
        0.0
      ],
      [
        0.0,
        0.0,
        0.0,
        1.0
      ]
    ],
    [
      [
        0.8818218550450404,
        0.47158267140017307,
        6.327021374653418e-17,
        0.027726153598065163
      ],
      [
        0.20645436921131408,
        -0.3860531480080332,
        -0.8990770602938584,
        0.011556120386037176
      ],
      [
        -0.4239891618879921,
        0.7928258011367718,
        -0.43779040607733044,
        -0.02373245873105083
      ],
      [
        0.0,
        0.0,
        0.0,
        1.0
      ]
    ],
    [
      [
        0.8988882946245902,
        0.4381778563402033,
        1.3776596126845211e-17,
        0.05836729175324479
      ],
      [
        0.19679087155831534,
        -0.4037013928777823,
        -0.8934755387025752,
        0.022243870779610014
      ],
      [
        -0.3915011962411028,
        0.8031347032731451,
        -0.44911185882822435,
        -0.04425257101760042
      ],
      [
        0.0,
        0.0,
        0.0,
        1.0
      ]
    ],
    [
      [
        0.9161273370157585,
        0.4008873936311975,
        -2.9219809032724426e-18,
        0.09182951149060666
      ],
      [
        0.1843382908613853,
        -0.4212588128232303,
        -0.8880092382070504,
        0.0316718076768013
      ],
      [
        -0.3559917090252496,
        0.8135295386440174,
        -0.45982561135601624,
        -0.06116418292747311
      ],
      [
        0.0,
        0.0,
        0.0,
        1.0
      ]
    ],
    [
      [
        0.9330652726335529,
        0.3597070989086449,
        -3.692241925058037e-17,
        0.12792156841117203
      ],
      [
        0.1689639721695818,
        -0.4382855251841959,
        -0.8828119700834886,
        0.039422645017981386
      ],
      [
        -0.3175537326405571,
        0.8237211915501144,
        -0.4697265432965329,
        -0.07409158245557265
      ],
      [
        0.0,
        0.0,
        0.0,
        1.0
      ]
    ],
    [
      [
        0.9491739014485832,
        0.3147521323341202,
        4.583174345644029e-18,
        0.16634540488380758
      ],
      [
        0.1506432772033524,
        -0.4542833946501152,
        -0.8780280179917961,
        0.04507811398915144
      ],
      [
        -0.276361190912019,
        0.8334012794184398,
        -0.4786092347849113,
        -0.08269762512729244
      ],
      [
        0.0,
        0.0,
        0.0,
        1.0
      ]
    ],
    [
      [
        0.9638970141683388,
        0.2662753200680854,
        -6.641289388648762e-18,
        0.2066940382897676
      ],
      [
        0.1294839379328486,
        -0.4687223026314198,
        -0.8738039327179193,
        0.04825070187357873
      ],
      [
        -0.23267242186121567,
        0.8422570017153543,
        -0.48627840499727937,
        -0.0867027049119503
      ],
      [
        0.0,
        0.0,
        0.0,
        1.0
      ]
    ],
    [
      [
        0.9766852915332046,
        0.2146761311899836,
        -2.2724262620424066e-17,
        0.24845951464658886
      ],
      [
        0.105740921694985,
        -0.4810763188258668,
        -0.8702783652050922,
        0.04861926553319164
      ],
      [
        -0.18682799250057286,
        0.8499880788353762,
        -0.4925602166801051,
        -0.085902786081439
      ],
      [
        0.0,
        0.0,
        0.0,
        1.0
      ]
    ],
    [
      [
        0.9870364435964608,
        0.16049628971552773,
        -9.287308036243628e-18,
        0.29105247034108794
      ],
      [
        0.079816940269414,
        -0.49086635586349925,
        -0.8675710211431208,
        0.04596368657039453
      ],
      [
        -0.13924192995818255,
        0.8563242152764557,
        -0.49731330494234993,
        -0.08018438697915423
      ],
      [
        0.0,
        0.0,
        0.0,
        1.0
      ]
    ],
    [
      [
        0.9945354198752193,
        0.104399706003518,
        -5.7995407784400014e-18,
        0.333832821889024
      ],
      [
        0.05224560210793761,
        -0.4977035263614675,
        -0.8657722546419115,
        0.04019266171557802
      ],
      [
        -0.09038636885061849,
        0.8610411727866089,
        -0.500438211063325,
        -0.0695344411842931
      ],
      [
        0.0,
        0.0,
        0.0,
        1.0
      ]
    ],
    [
      [
        0.9988884221307807,
        0.04713724783097999,
        -1.9548245982504542e-18,
        0.376148645676761
      ],
      [
        0.023657421407968678,
        -0.5013259243862285,
        -0.864935051868416,
        0.03135889010236434
      ],
      [
        -0.040770657897623054,
        0.8639736092064471,
        -0.5018838073193642,
        -0.05404319255106988
      ],
      [
        0.0,
        0.0,
        0.0,
        1.0
      ]
    ],
    [
      [
        0.9999448768749544,
        -0.010499676734657492,
        -2.1663961221011637e-19,
        0.4173780407443357
      ],
      [
        -0.005267167665915627,
        -0.5016228076611876,
        -0.8650704108793031,
        0.019658706851639923
      ],
      [
        0.009082959666950016,
        0.8650227254948708,
        -0.5016504602022346,
        -0.03390042861048723
      ],
      [
        0.0,
        0.0,
        0.0,
        1.0
      ]
    ],
    [
      [
        0.9977036501181608,
        -0.06773054363356869,
        5.8685014085232735e-18,
        0.4569680755294542
      ],
      [
        -0.033850939122347,
        -0.49864069754128687,
        -0.8661475444034196,
        0.005414541729906297
      ],
      [
        0.05866464404932418,
        0.8641585665921736,
        -0.4997883865436711,
        -0.009383555420046548
      ],
      [
        0.0,
        0.0,
        0.0,
        1.0
      ]
    ],
    [
      [
        0.9923029096267436,
        -0.12383430682286319,
        4.388168829951523e-18,
        0.49446502727942365
      ],
      [
        -0.06147046717763665,
        -0.4925720908967233,
        -0.8680979880950036,
        -0.010955394465976761
      ],
      [
        0.10750031261006691,
        0.8614161594277943,
        -0.49639287169076746,
        0.019158929221340888
      ],
      [
        0.0,
        0.0,
        0.0,
        1.0
      ]
    ],
    [
      [
        0.9839963874731257,
        -0.17818840994811735,
        -1.8825114638529213e-17,
        0.5295322634845866
      ],
      [
        -0.08759666840253756,
        -0.4837284607224193,
        -0.8708235182698585,
        -0.02897589152952192
      ],
      [
        0.15517065806593142,
        0.8568871961041782,
        -0.491595768928197,
        0.0513285292543468
      ],
      [
        0.0,
        0.0,
        0.0,
        1.0
      ]
    ],
    [
      [
        0.9731210901371651,
        -0.23029403798243575,
        2.6215864665705794e-17,
        0.5619548775166793
      ],
      [
        -0.11182056128575267,
        -0.47250440111888836,
        -0.8742057841246645,
        -0.04815438965890082
      ],
      [
        0.20132438005367054,
        0.8507080856516089,
        -0.48555560649937934,
        0.086698300683421
      ],
      [
        0.0,
        0.0,
        0.0,
        1.0
      ]
    ],
    [
      [
        0.9600622728344017,
        -0.2797864047448395,
        1.912110307789991e-17,
        0.5916326108559973
      ],
      [
        -0.1338629583594665,
        -0.45933888806402673,
        -0.8781164468858078,
        -0.06801627888617569
      ],
      [
        0.2456850436214929,
        0.8430464718104577,
        -0.4784469727238795,
        0.1248335062209535
      ],
      [
        0.0,
        0.0,
        0.0,
        1.0
      ]
    ],
    [
      [
        0.9452207885595468,
        -0.32643170935873905,
        3.811770430137434e-18,
        0.6185643129531525
      ],
      [
        -0.15356995601923032,
        -0.44467957850267503,
        -0.8824263941377404,
        -0.08813186918249324
      ],
      [
        0.288051956221651,
        0.8340877721126324,
        -0.47045048509812926,
        0.16530940023391597
      ],
      [
        0.0,
        0.0,
        0.0,
        1.0
      ]
    ],
    [
      [
        0.928986291630411,
        -0.37011413099580076,
        -3.106177550572608e-17,
        0.6428277502020725
      ],
      [
        -0.17089803480320345,
        -0.42895398554926867,
        -0.8870131566001718,
        -0.10813354171581704
      ],
      [
        0.32829610363691475,
        0.8240230629773785,
        -0.4617441499555779,
        0.20772515294656319
      ],
      [
        0.0,
        0.0,
        0.0,
        1.0
      ]
    ],
    [
      [
        0.9117177970318567,
        -0.41081706217655845,
        -3.166148896336753e-17,
        0.6645583525254481
      ],
      [
        -0.18589337878274176,
        -0.41254932521222976,
        -0.8917660601254513,
        -0.12772351986406857
      ],
      [
        0.366352712969502,
        0.8130389878053547,
        -0.45249673369907323,
        0.25171341937306124
      ],
      [
        0.0,
        0.0,
        0.0,
        1.0
      ]
    ],
    [
      [
        0.8937317199013427,
        -0.4486018422188969,
        -5.8394705918917446e-18,
        0.6839292571520208
      ],
      [
        -0.19866914509112693,
        -0.39580068564895166,
        -0.8965893084509655,
        -0.14667411193242044
      ],
      [
        0.4022116154848699,
        0.8013103046870367,
        -0.4428629720031011,
        0.29694611854844233
      ],
      [
        0.0,
        0.0,
        0.0,
        1.0
      ]
    ]
  ]
}