{
  "id": 3,
  "type": "surround",
  "width": 832,
  "height": 480,
  "intrinsic": [
    [
      [
        240.17770385742188,
        0.0,
        416.0
      ],
      [
        0.0,
        240.0,
        240.0
      ],
      [
        0.0,
        0.0,
        1.0
      ]
    ],
    [
      [
        240.17770385742188,
        0.0,
        416.0
      ],
      [
        0.0,
        240.0,
        240.0
      ],
      [
        0.0,
        0.0,
        1.0
      ]
    ],
    [
      [
        240.17770385742188,
        0.0,
        416.0
      ],
      [
        0.0,
        240.0,
        240.0
      ],
      [
        0.0,
        0.0,
        1.0
      ]
    ],
    [
      [
        240.17770385742188,
        0.0,
        416.0
      ],
      [
        0.0,
        240.0,
        240.0
      ],
      [
        0.0,
        0.0,
        1.0
      ]
    ],
    [
      [
        240.17770385742188,
        0.0,
        416.0
      ],
      [
        0.0,
        240.0,
        240.0
      ],
      [
        0.0,
        0.0,
        1.0
      ]
    ],
    [
      [
        240.17770385742188,
        0.0,
        416.0
      ],
      [
        0.0,
        240.0,
        240.0
      ],
      [
        0.0,
        0.0,
        1.0
      ]
    ],
    [
      [
        240.17770385742188,
        0.0,
        416.0
      ],
      [
        0.0,
        240.0,
        240.0
      ],
      [
        0.0,
        0.0,
        1.0
      ]
    ],
    [
      [
        240.17770385742188,
        0.0,
        416.0
      ],
      [
        0.0,
        240.0,
        240.0
      ],
      [
        0.0,
        0.0,
        1.0
      ]
    ],
    [
      [
        240.17770385742188,
        0.0,
        416.0
      ],
      [
        0.0,
        240.0,
        240.0
      ],
      [
        0.0,
        0.0,
        1.0
      ]
    ],
    [
      [
        240.17770385742188,
        0.0,
        416.0
      ],
      [
        0.0,
        240.0,
        240.0
      ],
      [
        0.0,
        0.0,
        1.0
      ]
    ],
    [
      [
        240.17770385742188,
        0.0,
        416.0
      ],
      [
        0.0,
        240.0,
        240.0
      ],
      [
        0.0,
        0.0,
        1.0
      ]
    ],
    [
      [
        240.17770385742188,
        0.0,
        416.0
      ],
      [
        0.0,
        240.0,
        240.0
      ],
      [
        0.0,
        0.0,
        1.0
      ]
    ],
    [
      [
        240.17770385742188,
        0.0,
        416.0
      ],
      [
        0.0,
        240.0,
        240.0
      ],
      [
        0.0,
        0.0,
        1.0
      ]
    ],
    [
      [
        240.17770385742188,
        0.0,
        416.0
      ],
      [
        0.0,
        240.0,
        240.0
      ],
      [
        0.0,
        0.0,
        1.0
      ]
    ],
    [
      [
        240.17770385742188,
        0.0,
        416.0
      ],
      [
        0.0,
        240.0,
        240.0
      ],
      [
        0.0,
        0.0,
        1.0
      ]
    ],
    [
      [
        240.17770385742188,
        0.0,
        416.0
      ],
      [
        0.0,
        240.0,
        240.0
      ],
      [
        0.0,
        0.0,
        1.0
      ]
    ],
    [
      [
        240.17770385742188,
        0.0,
        416.0
      ],
      [
        0.0,
        240.0,
        240.0
      ],
      [
        0.0,
        0.0,
        1.0
      ]
    ],
    [
      [
        240.17770385742188,
        0.0,
        416.0
      ],
      [
        0.0,
        240.0,
        240.0
      ],
      [
        0.0,
        0.0,
        1.0
      ]
    ],
    [
      [
        240.17770385742188,
        0.0,
        416.0
      ],
      [
        0.0,
        240.0,
        240.0
      ],
      [
        0.0,
        0.0,
        1.0
      ]
    ],
    [
      [
        240.17770385742188,
        0.0,
        416.0
      ],
      [
        0.0,
        240.0,
        240.0
      ],
      [
        0.0,
        0.0,
        1.0
      ]
    ],
    [
      [
        240.17770385742188,
        0.0,
        416.0
      ],
      [
        0.0,
        240.0,
        240.0
      ],
      [
        0.0,
        0.0,
        1.0
      ]
    ]
  ],
  "extrinsic": [
    [
      [
        0.0008181650546474108,
        0.9999996653029157,
        1.0537856552902306e-21,
        0.0
      ],
      [
        -0.01717966711597025,
        1.4055807989200076e-05,
        -0.9998524185299643,
        -0.0
      ],
      [
        -0.999852083882275,
        0.000818044308645914,
        0.017179672865956667,
        -0.0
      ],
      [
        0.0,
        0.0,
        0.0,
        1.0
      ]
    ],
    [
      [
        -0.010066159833971208,
        0.9999493349296239,
        -1.2494706803364823e-20,
        -0.051363493856346185
      ],
      [
        -0.018013419884541672,
        -0.00018133515107242242,
        -0.9998377287448329,
        -0.003934958842732896
      ],
      [
        -0.9997870718959412,
        -0.010064526385580237,
        0.018014332581969716,
        -0.21839944911199535
      ],
      [
        0.0,
        0.0,
        0.0,
        1.0
      ]
    ],
    [
      [
        -0.01354462422413773,
        0.9999082673698757,
        5.040372553726344e-21,
        -0.06777838741086542
      ],
      [
        -0.018956337105831066,
        -0.0002567800178709631,
        -0.9998202795240516,
        -0.008385757197612012
      ],
      [
        -0.9997285633801591,
        -0.013542189977825626,
        0.018958076180021155,
        -0.44225215816850416
      ],
      [
        0.0,
        0.0,
        0.0,
        1.0
      ]
    ],
    [
      [
        -0.01152620221639134,
        0.9999335711248358,
        1.0247828147657085e-20,
        -0.058253447984860145
      ],
      [
        -0.02000705521923977,
        -0.00023062068408409876,
        -0.9997998122402074,
        -0.013345910505232103
      ],
      [
        -0.999733396663291,
        -0.011523894811790728,
        0.020008384353706245,
        -0.6668823719809263
      ],
      [
        0.0,
        0.0,
        0.0,
        1.0
      ]
    ],
    [
      [
        -0.005154413689682611,
        0.9999867159215245,
        -1.3680276686870356e-20,
        -0.02818485585551381
      ],
      [
        -0.02117488957582006,
        -0.00010914559060571542,
        -0.999775780932251,
        -0.018859398374780692
      ],
      [
        -0.9997624998323189,
        -0.005153257971850317,
        0.02117517086845161,
        -0.8904376666046487
      ],
      [
        0.0,
        0.0,
        0.0,
        1.0
      ]
    ],
    [
      [
        0.004934231550236815,
        0.9999878266054084,
        -5.86725546780389e-21,
        0.019423974907110692
      ],
      [
        -0.022475399833546354,
        0.00011090017699448649,
        -0.9997473901458672,
        -0.02499972469692854
      ],
      [
        -0.9997352198263953,
        0.0049329851147246525,
        0.022475673438787834,
        -1.1120204957679545
      ],
      [
        0.0,
        0.0,
        0.0,
        1.0
      ]
    ],
    [
      [
        0.01841059253981285,
        0.9998305106778513,
        -8.81504513002019e-20,
        0.08302022196859409
      ],
      [
        -0.02392930326903609,
        0.00044062733387597393,
        -0.9997135561212578,
        -0.031864786137479714
      ],
      [
        -0.9995441153482879,
        0.018405318938275805,
        0.023933359717951432,
        -1.3310149114020788
      ],
      [
        0.0,
        0.0,
        0.0,
        1.0
      ]
    ],
    [
      [
        0.035133616193893276,
        0.9993826239299644,
        -1.306217733995335e-20,
        0.16193875877952435
      ],
      [
        -0.02556294355767175,
        0.0008986734672348428,
        -0.9996728106248898,
        -0.03957909086254487
      ],
      [
        -0.9990556365537445,
        0.035122120847965434,
        0.025578735256721028,
        -1.54683726960823
      ],
      [
        0.0,
        0.0,
        0.0,
        1.0
      ]
    ],
    [
      [
        0.055078939534957114,
        0.998482003052486,
        3.7228547751107723e-19,
        0.25606524130440383
      ],
      [
        -0.02740975977359461,
        0.0015119957061040378,
        -0.9996231384567579,
        -0.048300707060952054
      ],
      [
        -0.9981057135839159,
        0.055058182400803825,
        0.02745143096199982,
        -1.7588337908062195
      ],
      [
        0.0,
        0.0,
        0.0,
        1.0
      ]
    ],
    [
      [
        0.07828472327759561,
        0.9969310417984536,
        -6.477495188579134e-20,
        0.3655805148660109
      ],
      [
        -0.02951290740402108,
        0.002317522167905552,
        -0.9995617126458792,
        -0.05823365949294231
      ],
      [
        -0.9964940995299028,
        0.07825041207336218,
        0.029603760106396215,
        -1.9662413222915511
      ],
      [
        0.0,
        0.0,
        0.0,
        1.0
      ]
    ],
    [
      [
        0.10479281443634468,
        0.9944940754185064,
        7.126943656733666e-20,
        0.49068296756841057
      ],
      [
        -0.0319297670962406,
        0.0033645350344635944,
        -0.9994844520437434,
        -0.0696492515717814
      ],
      [
        -0.9939813660304152,
        0.10473878871503166,
        0.03210654330223516,
        -2.1681980332536295
      ],
      [
        0.0,
        0.0,
        0.0,
        1.0
      ]
    ],
    [
      [
        0.134555872363373,
        0.9909060082634131,
        2.5252969298983187e-19,
        0.6311502199878332
      ],
      [
        -0.034740115775433913,
        0.004717386457632079,
        -0.999385246349434,
        -0.08292469861230713
      ],
      [
        -0.9902968451774655,
        0.13447315364963253,
        0.0350589414997259,
        -2.363839773992066
      ],
      [
        0.0,
        0.0,
        0.0,
        1.0
      ]
    ],
    [
      [
        0.1672523858934373,
        0.9859141136087629,
        1.1403594784490554e-18,
        0.7854660201911706
      ],
      [
        -0.038062165287531265,
        0.006456939675311483,
        -0.9992545118755551,
        -0.09861893767835404
      ],
      [
        -0.985179126345345,
        0.1671277012259687,
        0.03860596451775246,
        -2.552595684694126
      ],
      [
        0.0,
        0.0,
        0.0,
        1.0
      ]
    ],
    [
      [
        0.2018701490878604,
        0.9794122946477879,
        1.750743373377763e-18,
        0.9488541260017845
      ],
      [
        -0.04208686197153129,
        0.008674672706542397,
        -0.999076296437276,
        -0.11763470100722707
      ],
      [
        -0.9785076080218458,
        0.2016836809119403,
        0.04297154753062028,
        -2.734973445651708
      ],
      [
        0.0,
        0.0,
        0.0,
        1.0
      ]
    ],
    [
      [
        0.2356562456156233,
        0.971836474877512,
        -6.832984211435899e-19,
        1.1083217007758104
      ],
      [
        -0.04715746318248258,
        0.01143500065455094,
        -0.9988220133868815,
        -0.14159440430453832
      ],
      [
        -0.9706916645199659,
        0.23537864571299028,
        0.04852407210629361,
        -2.9145865516392186
      ],
      [
        0.0,
        0.0,
        0.0,
        1.0
      ]
    ],
    [
      [
        0.2611937890062633,
        0.9652863847504282,
        8.239955906570598e-19,
        1.2288599693356848
      ],
      [
        -0.053958956453152365,
        0.014600583318562732,
        -0.9984364045772993,
        -0.17373448919142415
      ],
      [
        -0.9637770673776371,
        0.26078538759333525,
        0.05589942767824627,
        -3.103123698113705
      ],
      [
        0.0,
        0.0,
        0.0,
        1.0
      ]
    ],
    [
      [
        0.25795508705905457,
        0.9661569091303729,
        -1.996923960416731e-18,
        1.2135730074400914
      ],
      [
        -0.06384902615272864,
        0.01704710792234317,
        -0.9978139595990989,
        -0.22046615218673157
      ],
      [
        -0.964044851093404,
        0.2573911868171254,
        0.06608556596691778,
        -3.3287783958927353
      ],
      [
        0.0,
        0.0,
        0.0,
        1.0
      ]
    ],
    [
      [
        0.17811827885030818,
        0.9840090846833702,
        1.6104243605797765e-18,
        0.8367500823871793
      ],
      [
        -0.07790997856059599,
        0.014102706471397167,
        -0.996860646685819,
        -0.2868864387446456
      ],
      [
        -0.9809199325021851,
        0.17755910264128325,
        0.0791760764949294,
        -3.6120228926814035
      ],
      [
        0.0,
        0.0,
        0.0,
        1.0
      ]
    ],
    [
      [
        -0.017070559529861792,
        0.9998542873825853,
        2.1771641125607067e-20,
        -0.0844172487996378
      ],
      [
        -0.08970927821592871,
        -0.001531610749177068,
        -0.9959668165006753,
        -0.3425800514090465
      ],
      [
        -0.9958216915689848,
        -0.017001710830841715,
        0.0897223518946639,
        -3.8028245581333016
      ],
      [
        0.0,
        0.0,
        0.0,
        1.0
      ]
    ],
    [
      [
        -0.26415235630763517,
        0.9644809654198075,
        -1.1573109210254055e-18,
        -1.2502723630528854
      ],
      [
        -0.08692095457405057,
        -0.023805938931361344,
        -0.9959307329967944,
        -0.32933873433374056
      ],
      [
        -0.960556234852005,
        -0.2630774498402935,
        0.09012200104562629,
        -3.6394949433399972
      ],
      [
        0.0,
        0.0,
        0.0,
        1.0
      ]
    ],
    [
      [
        -0.4675073505579462,
        0.8839891838559392,
        -2.61086738747248e-18,
        -2.209604249565467
      ],
      [
        -0.07242272227646526,
        -0.03830154896689547,
        -0.9966383198757723,
        -0.2608074906458378
      ],
      [
        -0.8810174949865386,
        -0.4659357403896453,
        0.08192715883757663,
        -3.172705400459517
      ],
      [
        0.0,
        0.0,
        0.0,
        1.0
      ]
    ]
  ]
}