{
  "motion_list": [
    "rotation_right-phi53.470073019086996-theta0",
    "right-3.176429674749151"
  ],
  "extrinsic": [
    [
      [
        1.0,
        0.0,
        0.0,
        0.0
      ],
      [
        0.0,
        1.0,
        0.0,
        0.0
      ],
      [
        0.0,
        0.0,
        1.0,
        14.79189682006836
      ],
      [
        0.0,
        0.0,
        0.0,
        1.0
      ]
    ],
    [
      [
        0.9997278451919556,
        0.0,
        -0.02332860417664051,
        -0.01894398219883442
      ],
      [
        0.0,
        1.0,
        0.0,
        0.0
      ],
      [
        0.02332860417664051,
        0.0,
        0.9997278451919556,
        14.758506774902344
      ],
      [
        0.0,
        0.0,
        0.0,
        1.0
      ]
    ],
    [
      [
        0.9989115595817566,
        0.0,
        -0.046644508838653564,
        -0.018944019451737404
      ],
      [
        0.0,
        1.0,
        0.0,
        0.0
      ],
      [
        0.046644508838653564,
        0.0,
        0.9989115595817566,
        14.758508682250977
      ],
      [
        0.0,
        0.0,
        0.0,
        1.0
      ]
    ],
    [
      [
        0.9975515604019165,
        0.0,
        -0.06993503123521805,
        -0.018943898379802704
      ],
      [
        0.0,
        1.0,
        0.0,
        0.0
      ],
      [
        0.06993503123521805,
        0.0,
        0.9975515604019165,
        14.758506774902344
      ],
      [
        0.0,
        0.0,
        0.0,
        1.0
      ]
    ],
    [
      [
        0.9956486225128174,
        0.0,
        -0.09318748116493225,
        -0.018943900242447853
      ],
      [
        0.0,
        1.0,
        0.0,
        0.0
      ],
      [
        0.09318748116493225,
        0.0,
        0.9956486225128174,
        14.758506774902344
      ],
      [
        0.0,
        0.0,
        0.0,
        1.0
      ]
    ],
    [
      [
        0.9932036399841309,
        0.0,
        -0.1163892075419426,
        -0.01894388347864151
      ],
      [
        0.0,
        1.0,
        0.0,
        0.0
      ],
      [
        0.1163892075419426,
        0.0,
        0.9932036399841309,
        14.758506774902344
      ],
      [
        0.0,
        0.0,
        0.0,
        1.0
      ]
    ],
    [
      [
        0.9902182221412659,
        0.0,
        -0.1395275890827179,
        -0.018944015726447105
      ],
      [
        0.0,
        1.0,
        0.0,
        0.0
      ],
      [
        0.1395275890827179,
        0.0,
        0.9902182221412659,
        14.75850772857666
      ],
      [
        0.0,
        0.0,
        0.0,
        1.0
      ]
    ],
    [
      [
        0.9866936802864075,
        0.0,
        -0.16259001195430756,
        -0.018943697214126587
      ],
      [
        0.0,
        1.0,
        0.0,
        0.0
      ],
      [
        0.16259001195430756,
        0.0,
        0.9866936802864075,
        14.758506774902344
      ],
      [
        0.0,
        0.0,
        0.0,
        1.0
      ]
    ],
    [
      [
        0.9826322197914124,
        0.0,
        -0.18556398153305054,
        -0.01894417777657509
      ],
      [
        0.0,
        1.0,
        0.0,
        0.0
      ],
      [
        0.18556398153305054,
        0.0,
        0.9826322197914124,
        14.758506774902344
      ],
      [
        0.0,
        0.0,
        0.0,
        1.0
      ]
    ],
    [
      [
        0.9780358076095581,
        0.0,
        -0.20843690633773804,
        -0.01894383504986763
      ],
      [
        0.0,
        1.0,
        0.0,
        0.0
      ],
      [
        0.20843690633773804,
        0.0,
        0.9780358076095581,
        14.758506774902344
      ],
      [
        0.0,
        0.0,
        0.0,
        1.0
      ]
    ],
    [
      [
        0.9729070663452148,
        0.0,
        -0.23119637370109558,
        -0.01894397661089897
      ],
      [
        0.0,
        1.0,
        0.0,
        0.0
      ],
      [
        0.23119637370109558,
        0.0,
        0.9729070663452148,
        14.75850772857666
      ],
      [
        0.0,
        0.0,
        0.0,
        1.0
      ]
    ],
    [
      [
        0.967248797416687,
        0.0,
        -0.25383004546165466,
        -0.018943779170513153
      ],
      [
        0.0,
        1.0,
        0.0,
        0.0
      ],
      [
        0.25383004546165466,
        0.0,
        0.967248797416687,
        14.75850772857666
      ],
      [
        0.0,
        0.0,
        0.0,
        1.0
      ]
    ],
    [
      [
        0.9610641002655029,
        0.0,
        -0.276325523853302,
        -0.018944459035992622
      ],
      [
        0.0,
        1.0,
        0.0,
        0.0
      ],
      [
        0.276325523853302,
        0.0,
        0.9610641002655029,
        14.75850772857666
      ],
      [
        0.0,
        0.0,
        0.0,
        1.0
      ]
    ],
    [
      [
        0.9543562531471252,
        0.0,
        -0.29867058992385864,
        -0.01894438825547695
      ],
      [
        0.0,
        1.0,
        0.0,
        0.0
      ],
      [
        0.29867058992385864,
        0.0,
        0.9543562531471252,
        14.75850772857666
      ],
      [
        0.0,
        0.0,
        0.0,
        1.0
      ]
    ],
    [
      [
        0.94712895154953,
        0.0,
        -0.3208531141281128,
        -0.01894393190741539
      ],
      [
        0.0,
        1.0,
        0.0,
        0.0
      ],
      [
        0.3208531141281128,
        0.0,
        0.94712895154953,
        14.758506774902344
      ],
      [
        0.0,
        0.0,
        0.0,
        1.0
      ]
    ],
    [
      [
        0.9393861889839172,
        0.0,
        -0.34286099672317505,
        -0.01894383318722248
      ],
      [
        0.0,
        1.0,
        0.0,
        0.0
      ],
      [
        0.34286099672317505,
        0.0,
        0.9393861889839172,
        14.75850772857666
      ],
      [
        0.0,
        0.0,
        0.0,
        1.0
      ]
    ],
    [
      [
        0.9311320185661316,
        0.0,
        -0.36468225717544556,
        -0.018943672999739647
      ],
      [
        0.0,
        1.0,
        0.0,
        0.0
      ],
      [
        0.36468225717544556,
        0.0,
        0.9311320185661316,
        14.75850772857666
      ],
      [
        0.0,
        0.0,
        0.0,
        1.0
      ]
    ],
    [
      [
        0.9223710894584656,
        0.0,
        -0.3863050043582916,
        -0.018943537026643753
      ],
      [
        0.0,
        1.0,
        0.0,
        0.0
      ],
      [
        0.3863050043582916,
        0.0,
        0.9223710894584656,
        14.758506774902344
      ],
      [
        0.0,
        0.0,
        0.0,
        1.0
      ]
    ],
    [
      [
        0.9131081104278564,
        0.0,
        -0.4077175259590149,
        -0.018944133073091507
      ],
      [
        0.0,
        1.0,
        0.0,
        0.0
      ],
      [
        0.4077175259590149,
        0.0,
        0.9131081104278564,
        14.75850772857666
      ],
      [
        0.0,
        0.0,
        0.0,
        1.0
      ]
    ],
    [
      [
        0.9033481478691101,
        0.0,
        -0.4289080798625946,
        -0.018943574279546738
      ],
      [
        0.0,
        1.0,
        0.0,
        0.0
      ],
      [
        0.4289080798625946,
        0.0,
        0.9033481478691101,
        14.758506774902344
      ],
      [
        0.0,
        0.0,
        0.0,
        1.0
      ]
    ],
    [
      [
        0.8930964469909668,
        0.0,
        -0.4498652219772339,
        -0.018943702802062035
      ],
      [
        0.0,
        1.0,
        0.0,
        0.0
      ],
      [
        0.4498652219772339,
        0.0,
        0.8930964469909668,
        14.758506774902344
      ],
      [
        0.0,
        0.0,
        0.0,
        1.0
      ]
    ],
    [
      [
        0.8823586702346802,
        0.0,
        -0.4705774784088135,
        -0.018944276496767998
      ],
      [
        0.0,
        1.0,
        0.0,
        0.0
      ],
      [
        0.4705774784088135,
        0.0,
        0.8823586702346802,
        14.75850772857666
      ],
      [
        0.0,
        0.0,
        0.0,
        1.0
      ]
    ],
    [
      [
        0.8711405992507935,
        0.0,
        -0.4910335838794708,
        -0.01894388161599636
      ],
      [
        0.0,
        1.0,
        0.0,
        0.0
      ],
      [
        0.4910335838794708,
        0.0,
        0.8711405992507935,
        14.758506774902344
      ],
      [
        0.0,
        0.0,
        0.0,
        1.0
      ]
    ],
    [
      [
        0.8594483733177185,
        0.0,
        -0.5112224817276001,
        -0.018943391740322113
      ],
      [
        0.0,
        1.0,
        0.0,
        0.0
      ],
      [
        0.5112224817276001,
        0.0,
        0.8594483733177185,
        14.758506774902344
      ],
      [
        0.0,
        0.0,
        0.0,
        1.0
      ]
    ],
    [
      [
        0.8472884297370911,
        0.0,
        -0.5311330556869507,
        -0.01894407719373703
      ],
      [
        0.0,
        1.0,
        0.0,
        0.0
      ],
      [
        0.5311330556869507,
        0.0,
        0.8472884297370911,
        14.75850772857666
      ],
      [
        0.0,
        0.0,
        0.0,
        1.0
      ]
    ],
    [
      [
        0.8346672058105469,
        0.0,
        -0.5507546067237854,
        -0.018943950533866882
      ],
      [
        0.0,
        1.0,
        0.0,
        0.0
      ],
      [
        0.5507546067237854,
        0.0,
        0.8346672058105469,
        14.75850772857666
      ],
      [
        0.0,
        0.0,
        0.0,
        1.0
      ]
    ],
    [
      [
        0.8215917944908142,
        0.0,
        -0.5700762867927551,
        -0.018943535163998604
      ],
      [
        0.0,
        1.0,
        0.0,
        0.0
      ],
      [
        0.5700762867927551,
        0.0,
        0.8215917944908142,
        14.758506774902344
      ],
      [
        0.0,
        0.0,
        0.0,
        1.0
      ]
    ],
    [
      [
        0.8080690503120422,
        0.0,
        -0.5890877842903137,
        -0.018944181501865387
      ],
      [
        0.0,
        1.0,
        0.0,
        0.0
      ],
      [
        0.5890877842903137,
        0.0,
        0.8080690503120422,
        14.75850772857666
      ],
      [
        0.0,
        0.0,
        0.0,
        1.0
      ]
    ],
    [
      [
        0.7941065430641174,
        0.0,
        -0.6077785491943359,
        -0.01894359104335308
      ],
      [
        0.0,
        1.0,
        0.0,
        0.0
      ],
      [
        0.6077785491943359,
        0.0,
        0.7941065430641174,
        14.758506774902344
      ],
      [
        0.0,
        0.0,
        0.0,
        1.0
      ]
    ],
    [
      [
        0.7797117829322815,
        0.0,
        -0.6261385083198547,
        -0.018943656235933304
      ],
      [
        0.0,
        1.0,
        0.0,
        0.0
      ],
      [
        0.6261385083198547,
        0.0,
        0.7797117829322815,
        14.758506774902344
      ],
      [
        0.0,
        0.0,
        0.0,
        1.0
      ]
    ],
    [
      [
        0.7648926973342896,
        0.0,
        -0.6441577076911926,
        -0.018944013863801956
      ],
      [
        0.0,
        1.0,
        0.0,
        0.0
      ],
      [
        0.6441577076911926,
        0.0,
        0.7648926973342896,
        14.75850772857666
      ],
      [
        0.0,
        0.0,
        0.0,
        1.0
      ]
    ],
    [
      [
        0.7496572136878967,
        0.0,
        -0.6618263125419617,
        -0.018944164738059044
      ],
      [
        0.0,
        1.0,
        0.0,
        0.0
      ],
      [
        0.6618263125419617,
        0.0,
        0.7496572136878967,
        14.758506774902344
      ],
      [
        0.0,
        0.0,
        0.0,
        1.0
      ]
    ],
    [
      [
        0.7340136766433716,
        0.0,
        -0.6791346073150635,
        -0.018944354727864265
      ],
      [
        0.0,
        1.0,
        0.0,
        0.0
      ],
      [
        0.6791346073150635,
        0.0,
        0.7340136766433716,
        14.758505821228027
      ],
      [
        0.0,
        0.0,
        0.0,
        1.0
      ]
    ],
    [
      [
        0.7179706692695618,
        0.0,
        -0.6960733532905579,
        -0.018944021314382553
      ],
      [
        0.0,
        1.0,
        0.0,
        0.0
      ],
      [
        0.6960733532905579,
        0.0,
        0.7179706692695618,
        14.758506774902344
      ],
      [
        0.0,
        0.0,
        0.0,
        1.0
      ]
    ],
    [
      [
        0.7015368938446045,
        -0.0,
        -0.7126331329345703,
        -0.01894301176071167
      ],
      [
        0.0,
        1.0,
        0.0,
        0.0
      ],
      [
        0.7126331329345703,
        0.0,
        0.7015368938446045,
        14.75850772857666
      ],
      [
        0.0,
        0.0,
        0.0,
        1.0
      ]
    ],
    [
      [
        0.6847212314605713,
        -0.0,
        -0.7288050651550293,
        -0.018944038078188896
      ],
      [
        0.0,
        1.0,
        0.0,
        0.0
      ],
      [
        0.7288050651550293,
        0.0,
        0.6847212314605713,
        14.758506774902344
      ],
      [
        0.0,
        0.0,
        0.0,
        1.0
      ]
    ],
    [
      [
        0.6675328612327576,
        -0.0,
        -0.7445803284645081,
        -0.018943393602967262
      ],
      [
        0.0,
        1.0,
        0.0,
        0.0
      ],
      [
        0.7445803284645081,
        0.0,
        0.6675328612327576,
        14.758506774902344
      ],
      [
        0.0,
        0.0,
        0.0,
        1.0
      ]
    ],
    [
      [
        0.6499811410903931,
        -0.0,
        -0.7599502801895142,
        -0.018944060429930687
      ],
      [
        0.0,
        1.0,
        0.0,
        0.0
      ],
      [
        0.7599502801895142,
        0.0,
        0.6499811410903931,
        14.75850772857666
      ],
      [
        0.0,
        0.0,
        0.0,
        1.0
      ]
    ],
    [
      [
        0.6320757269859314,
        -0.0,
        -0.7749066352844238,
        -0.01894410327076912
      ],
      [
        0.0,
        1.0,
        0.0,
        0.0
      ],
      [
        0.7749066352844238,
        0.0,
        0.6320757269859314,
        14.758506774902344
      ],
      [
        0.0,
        0.0,
        0.0,
        1.0
      ]
    ],
    [
      [
        0.6138262152671814,
        -0.0,
        -0.7894411683082581,
        -0.018944427371025085
      ],
      [
        0.0,
        1.0,
        0.0,
        0.0
      ],
      [
        0.7894411683082581,
        0.0,
        0.6138262152671814,
        14.758506774902344
      ],
      [
        0.0,
        0.0,
        0.0,
        1.0
      ]
    ],
    [
      [
        0.5952425599098206,
        -0.0,
        -0.8035460710525513,
        -0.018944550305604935
      ],
      [
        0.0,
        1.0,
        0.0,
        0.0
      ],
      [
        0.8035460710525513,
        0.0,
        0.5952425599098206,
        14.75850772857666
      ],
      [
        0.0,
        0.0,
        0.0,
        1.0
      ]
    ],
    [
      [
        0.5952425599098206,
        -0.0,
        -0.8035460710525513,
        -0.13376359641551971
      ],
      [
        0.0,
        1.0,
        0.0,
        0.0
      ],
      [
        0.8035460710525513,
        0.0,
        0.5952425599098206,
        14.723787307739258
      ],
      [
        0.0,
        0.0,
        0.0,
        1.0
      ]
    ],
    [
      [
        0.5952425599098206,
        -0.0,
        -0.8035460710525513,
        -0.24858377873897552
      ],
      [
        0.0,
        1.0,
        0.0,
        0.0
      ],
      [
        0.8035460710525513,
        0.0,
        0.5952425599098206,
        14.689064979553223
      ],
      [
        0.0,
        0.0,
        0.0,
        1.0
      ]
    ],
    [
      [
        0.5952425599098206,
        -0.0,
        -0.8035460710525513,
        -0.3634028136730194
      ],
      [
        0.0,
        1.0,
        0.0,
        0.0
      ],
      [
        0.8035460710525513,
        0.0,
        0.5952425599098206,
        14.65434455871582
      ],
      [
        0.0,
        0.0,
        0.0,
        1.0
      ]
    ],
    [
      [
        0.5952425599098206,
        -0.0,
        -0.8035460710525513,
        -0.4782210886478424
      ],
      [
        0.0,
        1.0,
        0.0,
        0.0
      ],
      [
        0.8035460710525513,
        0.0,
        0.5952425599098206,
        14.619623184204102
      ],
      [
        0.0,
        0.0,
        0.0,
        1.0
      ]
    ],
    [
      [
        0.5952425599098206,
        -0.0,
        -0.8035460710525513,
        -0.5930408835411072
      ],
      [
        0.0,
        1.0,
        0.0,
        0.0
      ],
      [
        0.8035460710525513,
        0.0,
        0.5952425599098206,
        14.5849027633667
      ],
      [
        0.0,
        0.0,
        0.0,
        1.0
      ]
    ],
    [
      [
        0.5952425599098206,
        -0.0,
        -0.8035460710525513,
        -0.7078602910041809
      ],
      [
        0.0,
        1.0,
        0.0,
        0.0
      ],
      [
        0.8035460710525513,
        0.0,
        0.5952425599098206,
        14.550180435180664
      ],
      [
        0.0,
        0.0,
        0.0,
        1.0
      ]
    ],
    [
      [
        0.5952425599098206,
        -0.0,
        -0.8035460710525513,
        -0.822679340839386
      ],
      [
        0.0,
        1.0,
        0.0,
        0.0
      ],
      [
        0.8035460710525513,
        0.0,
        0.5952425599098206,
        14.515459060668945
      ],
      [
        0.0,
        0.0,
        0.0,
        1.0
      ]
    ],
    [
      [
        0.5952425599098206,
        -0.0,
        -0.8035460710525513,
        -0.9374991655349731
      ],
      [
        0.0,
        1.0,
        0.0,
        0.0
      ],
      [
        0.8035460710525513,
        0.0,
        0.5952425599098206,
        14.48073959350586
      ],
      [
        0.0,
        0.0,
        0.0,
        1.0
      ]
    ],
    [
      [
        0.5952425599098206,
        -0.0,
        -0.8035460710525513,
        -1.052317500114441
      ],
      [
        0.0,
        1.0,
        0.0,
        0.0
      ],
      [
        0.8035460710525513,
        0.0,
        0.5952425599098206,
        14.44601821899414
      ],
      [
        0.0,
        0.0,
        0.0,
        1.0
      ]
    ],
    [
      [
        0.5952425599098206,
        -0.0,
        -0.8035460710525513,
        -1.167137622833252
      ],
      [
        0.0,
        1.0,
        0.0,
        0.0
      ],
      [
        0.8035460710525513,
        0.0,
        0.5952425599098206,
        14.411295890808105
      ],
      [
        0.0,
        0.0,
        0.0,
        1.0
      ]
    ],
    [
      [
        0.5952425599098206,
        -0.0,
        -0.8035460710525513,
        -1.281956672668457
      ],
      [
        0.0,
        1.0,
        0.0,
        0.0
      ],
      [
        0.8035460710525513,
        0.0,
        0.5952425599098206,
        14.376575469970703
      ],
      [
        0.0,
        0.0,
        0.0,
        1.0
      ]
    ],
    [
      [
        0.5952425599098206,
        -0.0,
        -0.8035460710525513,
        -1.396775722503662
      ],
      [
        0.0,
        1.0,
        0.0,
        0.0
      ],
      [
        0.8035460710525513,
        0.0,
        0.5952425599098206,
        14.3418550491333
      ],
      [
        0.0,
        0.0,
        0.0,
        1.0
      ]
    ],
    [
      [
        0.5952425599098206,
        -0.0,
        -0.8035460710525513,
        -1.5115960836410522
      ],
      [
        0.0,
        1.0,
        0.0,
        0.0
      ],
      [
        0.8035460710525513,
        0.0,
        0.5952425599098206,
        14.307133674621582
      ],
      [
        0.0,
        0.0,
        0.0,
        1.0
      ]
    ],
    [
      [
        0.5952425599098206,
        -0.0,
        -0.8035460710525513,
        -1.6264148950576782
      ],
      [
        0.0,
        1.0,
        0.0,
        0.0
      ],
      [
        0.8035460710525513,
        0.0,
        0.5952425599098206,
        14.272412300109863
      ],
      [
        0.0,
        0.0,
        0.0,
        1.0
      ]
    ],
    [
      [
        0.5952425599098206,
        -0.0,
        -0.8035460710525513,
        -1.7412339448928833
      ],
      [
        0.0,
        1.0,
        0.0,
        0.0
      ],
      [
        0.8035460710525513,
        0.0,
        0.5952425599098206,
        14.237690925598145
      ],
      [
        0.0,
        0.0,
        0.0,
        1.0
      ]
    ],
    [
      [
        0.5952425599098206,
        -0.0,
        -0.8035460710525513,
        -1.8560529947280884
      ],
      [
        0.0,
        1.0,
        0.0,
        0.0
      ],
      [
        0.8035460710525513,
        0.0,
        0.5952425599098206,
        14.202970504760742
      ],
      [
        0.0,
        0.0,
        0.0,
        1.0
      ]
    ],
    [
      [
        0.5952425599098206,
        -0.0,
        -0.8035460710525513,
        -1.970873236656189
      ],
      [
        0.0,
        1.0,
        0.0,
        0.0
      ],
      [
        0.8035460710525513,
        0.0,
        0.5952425599098206,
        14.168248176574707
      ],
      [
        0.0,
        0.0,
        0.0,
        1.0
      ]
    ],
    [
      [
        0.5952425599098206,
        -0.0,
        -0.8035460710525513,
        -2.0856921672821045
      ],
      [
        0.0,
        1.0,
        0.0,
        0.0
      ],
      [
        0.8035460710525513,
        0.0,
        0.5952425599098206,
        14.133527755737305
      ],
      [
        0.0,
        0.0,
        0.0,
        1.0
      ]
    ],
    [
      [
        0.5952425599098206,
        -0.0,
        -0.8035460710525513,
        -2.2005112171173096
      ],
      [
        0.0,
        1.0,
        0.0,
        0.0
      ],
      [
        0.8035460710525513,
        0.0,
        0.5952425599098206,
        14.098807334899902
      ],
      [
        0.0,
        0.0,
        0.0,
        1.0
      ]
    ],
    [
      [
        0.5952425599098206,
        -0.0,
        -0.8035460710525513,
        -2.3153302669525146
      ],
      [
        0.0,
        1.0,
        0.0,
        0.0
      ],
      [
        0.8035460710525513,
        0.0,
        0.5952425599098206,
        14.0640869140625
      ],
      [
        0.0,
        0.0,
        0.0,
        1.0
      ]
    ],
    [
      [
        0.5952425599098206,
        -0.0,
        -0.8035460710525513,
        -2.430149793624878
      ],
      [
        0.0,
        1.0,
        0.0,
        0.0
      ],
      [
        0.8035460710525513,
        0.0,
        0.5952425599098206,
        14.029363632202148
      ],
      [
        0.0,
        0.0,
        0.0,
        1.0
      ]
    ],
    [
      [
        0.5952425599098206,
        -0.0,
        -0.8035460710525513,
        -2.5449695587158203
      ],
      [
        0.0,
        1.0,
        0.0,
        0.0
      ],
      [
        0.8035460710525513,
        0.0,
        0.5952425599098206,
        13.994644165039062
      ],
      [
        0.0,
        0.0,
        0.0,
        1.0
      ]
    ],
    [
      [
        0.5952425599098206,
        -0.0,
        -0.8035460710525513,
        -2.659787893295288
      ],
      [
        0.0,
        1.0,
        0.0,
        0.0
      ],
      [
        0.8035460710525513,
        0.0,
        0.5952425599098206,
        13.959922790527344
      ],
      [
        0.0,
        0.0,
        0.0,
        1.0
      ]
    ],
    [
      [
        0.5952425599098206,
        -0.0,
        -0.8035460710525513,
        -2.7746081352233887
      ],
      [
        0.0,
        1.0,
        0.0,
        0.0
      ],
      [
        0.8035460710525513,
        0.0,
        0.5952425599098206,
        13.925201416015625
      ],
      [
        0.0,
        0.0,
        0.0,
        1.0
      ]
    ],
    [
      [
        0.5952425599098206,
        -0.0,
        -0.8035460710525513,
        -2.8894271850585938
      ],
      [
        0.0,
        1.0,
        0.0,
        0.0
      ],
      [
        0.8035460710525513,
        0.0,
        0.5952425599098206,
        13.890480041503906
      ],
      [
        0.0,
        0.0,
        0.0,
        1.0
      ]
    ],
    [
      [
        0.5952425599098206,
        -0.0,
        -0.8035460710525513,
        -3.0042459964752197
      ],
      [
        0.0,
        1.0,
        0.0,
        0.0
      ],
      [
        0.8035460710525513,
        0.0,
        0.5952425599098206,
        13.855759620666504
      ],
      [
        0.0,
        0.0,
        0.0,
        1.0
      ]
    ],
    [
      [
        0.5952425599098206,
        -0.0,
        -0.8035460710525513,
        -3.119065761566162
      ],
      [
        0.0,
        1.0,
        0.0,
        0.0
      ],
      [
        0.8035460710525513,
        0.0,
        0.5952425599098206,
        13.821037292480469
      ],
      [
        0.0,
        0.0,
        0.0,
        1.0
      ]
    ],
    [
      [
        0.5952425599098206,
        -0.0,
        -0.8035460710525513,
        -3.233884572982788
      ],
      [
        0.0,
        1.0,
        0.0,
        0.0
      ],
      [
        0.8035460710525513,
        0.0,
        0.5952425599098206,
        13.78631591796875
      ],
      [
        0.0,
        0.0,
        0.0,
        1.0
      ]
    ],
    [
      [
        0.5952425599098206,
        -0.0,
        -0.8035460710525513,
        -3.3487043380737305
      ],
      [
        0.0,
        1.0,
        0.0,
        0.0
      ],
      [
        0.8035460710525513,
        0.0,
        0.5952425599098206,
        13.751595497131348
      ],
      [
        0.0,
        0.0,
        0.0,
        1.0
      ]
    ],
    [
      [
        0.5952425599098206,
        -0.0,
        -0.8035460710525513,
        -3.4635226726531982
      ],
      [
        0.0,
        1.0,
        0.0,
        0.0
      ],
      [
        0.8035460710525513,
        0.0,
        0.5952425599098206,
        13.716874122619629
      ],
      [
        0.0,
        0.0,
        0.0,
        1.0
      ]
    ],
    [
      [
        0.5952425599098206,
        -0.0,
        -0.8035460710525513,
        -3.5783424377441406
      ],
      [
        0.0,
        1.0,
        0.0,
        0.0
      ],
      [
        0.8035460710525513,
        0.0,
        0.5952425599098206,
        13.682154655456543
      ],
      [
        0.0,
        0.0,
        0.0,
        1.0
      ]
    ],
    [
      [
        0.5952425599098206,
        -0.0,
        -0.8035460710525513,
        -3.693162679672241
      ],
      [
        0.0,
        1.0,
        0.0,
        0.0
      ],
      [
        0.8035460710525513,
        0.0,
        0.5952425599098206,
        13.647432327270508
      ],
      [
        0.0,
        0.0,
        0.0,
        1.0
      ]
    ],
    [
      [
        0.5952425599098206,
        -0.0,
        -0.8035460710525513,
        -3.807981014251709
      ],
      [
        0.0,
        1.0,
        0.0,
        0.0
      ],
      [
        0.8035460710525513,
        0.0,
        0.5952425599098206,
        13.612710952758789
      ],
      [
        0.0,
        0.0,
        0.0,
        1.0
      ]
    ],
    [
      [
        0.5952425599098206,
        -0.0,
        -0.8035460710525513,
        -3.9228007793426514
      ],
      [
        0.0,
        1.0,
        0.0,
        0.0
      ],
      [
        0.8035460710525513,
        0.0,
        0.5952425599098206,
        13.577991485595703
      ],
      [
        0.0,
        0.0,
        0.0,
        1.0
      ]
    ],
    [
      [
        0.5952425599098206,
        -0.0,
        -0.8035460710525513,
        -4.037619113922119
      ],
      [
        0.0,
        1.0,
        0.0,
        0.0
      ],
      [
        0.8035460710525513,
        0.0,
        0.5952425599098206,
        13.543270111083984
      ],
      [
        0.0,
        0.0,
        0.0,
        1.0
      ]
    ],
    [
      [
        0.5952425599098206,
        -0.0,
        -0.8035460710525513,
        -4.152439117431641
      ],
      [
        0.0,
        1.0,
        0.0,
        0.0
      ],
      [
        0.8035460710525513,
        0.0,
        0.5952425599098206,
        13.50854778289795
      ],
      [
        0.0,
        0.0,
        0.0,
        1.0
      ]
    ],
    [
      [
        0.5952425599098206,
        -0.0,
        -0.8035460710525513,
        -4.267259120941162
      ],
      [
        0.0,
        1.0,
        0.0,
        0.0
      ],
      [
        0.8035460710525513,
        0.0,
        0.5952425599098206,
        13.473827362060547
      ],
      [
        0.0,
        0.0,
        0.0,
        1.0
      ]
    ],
    [
      [
        0.5952425599098206,
        -0.0,
        -0.8035460710525513,
        -4.382077217102051
      ],
      [
        0.0,
        1.0,
        0.0,
        0.0
      ],
      [
        0.8035460710525513,
        0.0,
        0.5952425599098206,
        13.439105987548828
      ],
      [
        0.0,
        0.0,
        0.0,
        1.0
      ]
    ],
    [
      [
        0.5952425599098206,
        -0.0,
        -0.8035460710525513,
        -4.4968976974487305
      ],
      [
        0.0,
        1.0,
        0.0,
        0.0
      ],
      [
        0.8035460710525513,
        0.0,
        0.5952425599098206,
        13.40438461303711
      ],
      [
        0.0,
        0.0,
        0.0,
        1.0
      ]
    ],
    [
      [
        0.5952425599098206,
        -0.0,
        -0.8035460710525513,
        -4.6117167472839355
      ],
      [
        0.0,
        1.0,
        0.0,
        0.0
      ],
      [
        0.8035460710525513,
        0.0,
        0.5952425599098206,
        13.36966323852539
      ],
      [
        0.0,
        0.0,
        0.0,
        1.0
      ]
    ]
  ],
  "intrinsic": [
    [
      [
        966.739013671875,
        0.0,
        512.0
      ],
      [
        0.0,
        966.739013671875,
        384.0
      ],
      [
        0.0,
        0.0,
        1.0
      ]
    ],
    [
      [
        966.739013671875,
        0.0,
        512.0
      ],
      [
        0.0,
        966.739013671875,
        384.0
      ],
      [
        0.0,
        0.0,
        1.0
      ]
    ],
    [
      [
        966.739013671875,
        0.0,
        512.0
      ],
      [
        0.0,
        966.739013671875,
        384.0
      ],
      [
        0.0,
        0.0,
        1.0
      ]
    ],
    [
      [
        966.739013671875,
        0.0,
        512.0
      ],
      [
        0.0,
        966.739013671875,
        384.0
      ],
      [
        0.0,
        0.0,
        1.0
      ]
    ],
    [
      [
        966.739013671875,
        0.0,
        512.0
      ],
      [
        0.0,
        966.739013671875,
        384.0
      ],
      [
        0.0,
        0.0,
        1.0
      ]
    ],
    [
      [
        966.739013671875,
        0.0,
        512.0
      ],
      [
        0.0,
        966.739013671875,
        384.0
      ],
      [
        0.0,
        0.0,
        1.0
      ]
    ],
    [
      [
        966.739013671875,
        0.0,
        512.0
      ],
      [
        0.0,
        966.739013671875,
        384.0
      ],
      [
        0.0,
        0.0,
        1.0
      ]
    ],
    [
      [
        966.739013671875,
        0.0,
        512.0
      ],
      [
        0.0,
        966.739013671875,
        384.0
      ],
      [
        0.0,
        0.0,
        1.0
      ]
    ],
    [
      [
        966.739013671875,
        0.0,
        512.0
      ],
      [
        0.0,
        966.739013671875,
        384.0
      ],
      [
        0.0,
        0.0,
        1.0
      ]
    ],
    [
      [
        966.739013671875,
        0.0,
        512.0
      ],
      [
        0.0,
        966.739013671875,
        384.0
      ],
      [
        0.0,
        0.0,
        1.0
      ]
    ],
    [
      [
        966.739013671875,
        0.0,
        512.0
      ],
      [
        0.0,
        966.739013671875,
        384.0
      ],
      [
        0.0,
        0.0,
        1.0
      ]
    ],
    [
      [
        966.739013671875,
        0.0,
        512.0
      ],
      [
        0.0,
        966.739013671875,
        384.0
      ],
      [
        0.0,
        0.0,
        1.0
      ]
    ],
    [
      [
        966.739013671875,
        0.0,
        512.0
      ],
      [
        0.0,
        966.739013671875,
        384.0
      ],
      [
        0.0,
        0.0,
        1.0
      ]
    ],
    [
      [
        966.739013671875,
        0.0,
        512.0
      ],
      [
        0.0,
        966.739013671875,
        384.0
      ],
      [
        0.0,
        0.0,
        1.0
      ]
    ],
    [
      [
        966.739013671875,
        0.0,
        512.0
      ],
      [
        0.0,
        966.739013671875,
        384.0
      ],
      [
        0.0,
        0.0,
        1.0
      ]
    ],
    [
      [
        966.739013671875,
        0.0,
        512.0
      ],
      [
        0.0,
        966.739013671875,
        384.0
      ],
      [
        0.0,
        0.0,
        1.0
      ]
    ],
    [
      [
        966.739013671875,
        0.0,
        512.0
      ],
      [
        0.0,
        966.739013671875,
        384.0
      ],
      [
        0.0,
        0.0,
        1.0
      ]
    ],
    [
      [
        966.739013671875,
        0.0,
        512.0
      ],
      [
        0.0,
        966.739013671875,
        384.0
      ],
      [
        0.0,
        0.0,
        1.0
      ]
    ],
    [
      [
        966.739013671875,
        0.0,
        512.0
      ],
      [
        0.0,
        966.739013671875,
        384.0
      ],
      [
        0.0,
        0.0,
        1.0
      ]
    ],
    [
      [
        966.739013671875,
        0.0,
        512.0
      ],
      [
        0.0,
        966.739013671875,
        384.0
      ],
      [
        0.0,
        0.0,
        1.0
      ]
    ],
    [
      [
        966.739013671875,
        0.0,
        512.0
      ],
      [
        0.0,
        966.739013671875,
        384.0
      ],
      [
        0.0,
        0.0,
        1.0
      ]
    ],
    [
      [
        966.739013671875,
        0.0,
        512.0
      ],
      [
        0.0,
        966.739013671875,
        384.0
      ],
      [
        0.0,
        0.0,
        1.0
      ]
    ],
    [
      [
        966.739013671875,
        0.0,
        512.0
      ],
      [
        0.0,
        966.739013671875,
        384.0
      ],
      [
        0.0,
        0.0,
        1.0
      ]
    ],
    [
      [
        966.739013671875,
        0.0,
        512.0
      ],
      [
        0.0,
        966.739013671875,
        384.0
      ],
      [
        0.0,
        0.0,
        1.0
      ]
    ],
    [
      [
        966.739013671875,
        0.0,
        512.0
      ],
      [
        0.0,
        966.739013671875,
        384.0
      ],
      [
        0.0,
        0.0,
        1.0
      ]
    ],
    [
      [
        966.739013671875,
        0.0,
        512.0
      ],
      [
        0.0,
        966.739013671875,
        384.0
      ],
      [
        0.0,
        0.0,
        1.0
      ]
    ],
    [
      [
        966.739013671875,
        0.0,
        512.0
      ],
      [
        0.0,
        966.739013671875,
        384.0
      ],
      [
        0.0,
        0.0,
        1.0
      ]
    ],
    [
      [
        966.739013671875,
        0.0,
        512.0
      ],
      [
        0.0,
        966.739013671875,
        384.0
      ],
      [
        0.0,
        0.0,
        1.0
      ]
    ],
    [
      [
        966.739013671875,
        0.0,
        512.0
      ],
      [
        0.0,
        966.739013671875,
        384.0
      ],
      [
        0.0,
        0.0,
        1.0
      ]
    ],
    [
      [
        966.739013671875,
        0.0,
        512.0
      ],
      [
        0.0,
        966.739013671875,
        384.0
      ],
      [
        0.0,
        0.0,
        1.0
      ]
    ],
    [
      [
        966.739013671875,
        0.0,
        512.0
      ],
      [
        0.0,
        966.739013671875,
        384.0
      ],
      [
        0.0,
        0.0,
        1.0
      ]
    ],
    [
      [
        966.739013671875,
        0.0,
        512.0
      ],
      [
        0.0,
        966.739013671875,
        384.0
      ],
      [
        0.0,
        0.0,
        1.0
      ]
    ],
    [
      [
        966.739013671875,
        0.0,
        512.0
      ],
      [
        0.0,
        966.739013671875,
        384.0
      ],
      [
        0.0,
        0.0,
        1.0
      ]
    ],
    [
      [
        966.739013671875,
        0.0,
        512.0
      ],
      [
        0.0,
        966.739013671875,
        384.0
      ],
      [
        0.0,
        0.0,
        1.0
      ]
    ],
    [
      [
        966.739013671875,
        0.0,
        512.0
      ],
      [
        0.0,
        966.739013671875,
        384.0
      ],
      [
        0.0,
        0.0,
        1.0
      ]
    ],
    [
      [
        966.739013671875,
        0.0,
        512.0
      ],
      [
        0.0,
        966.739013671875,
        384.0
      ],
      [
        0.0,
        0.0,
        1.0
      ]
    ],
    [
      [
        966.739013671875,
        0.0,
        512.0
      ],
      [
        0.0,
        966.739013671875,
        384.0
      ],
      [
        0.0,
        0.0,
        1.0
      ]
    ],
    [
      [
        966.739013671875,
        0.0,
        512.0
      ],
      [
        0.0,
        966.739013671875,
        384.0
      ],
      [
        0.0,
        0.0,
        1.0
      ]
    ],
    [
      [
        966.739013671875,
        0.0,
        512.0
      ],
      [
        0.0,
        966.739013671875,
        384.0
      ],
      [
        0.0,
        0.0,
        1.0
      ]
    ],
    [
      [
        966.739013671875,
        0.0,
        512.0
      ],
      [
        0.0,
        966.739013671875,
        384.0
      ],
      [
        0.0,
        0.0,
        1.0
      ]
    ],
    [
      [
        966.739013671875,
        0.0,
        512.0
      ],
      [
        0.0,
        966.739013671875,
        384.0
      ],
      [
        0.0,
        0.0,
        1.0
      ]
    ],
    [
      [
        966.739013671875,
        0.0,
        512.0
      ],
      [
        0.0,
        966.739013671875,
        384.0
      ],
      [
        0.0,
        0.0,
        1.0
      ]
    ],
    [
      [
        966.739013671875,
        0.0,
        512.0
      ],
      [
        0.0,
        966.739013671875,
        384.0
      ],
      [
        0.0,
        0.0,
        1.0
      ]
    ],
    [
      [
        966.739013671875,
        0.0,
        512.0
      ],
      [
        0.0,
        966.739013671875,
        384.0
      ],
      [
        0.0,
        0.0,
        1.0
      ]
    ],
    [
      [
        966.739013671875,
        0.0,
        512.0
      ],
      [
        0.0,
        966.739013671875,
        384.0
      ],
      [
        0.0,
        0.0,
        1.0
      ]
    ],
    [
      [
        966.739013671875,
        0.0,
        512.0
