{
  "extrinsic": [
    [
      [
        1.0,
        0.0,
        0.0,
        0.0
      ],
      [
        0.0,
        0.9659258387722409,
        -0.25881905061666344,
        0.0
      ],
      [
        0.0,
        0.2588190506166634,
        0.965925838772241,
        0.0
      ],
      [
        0.0,
        0.0,
        0.0,
        1.0
      ]
    ],
    [
      [
        1.0,
        0.0,
        0.0,
        0.0
      ],
      [
        0.0,
        0.9550199901989341,
        -0.29654160233784554,
        0.23590600628333022
      ],
      [
        0.0,
        0.2965416023378455,
        0.955019990198934,
        0.06820218827419812
      ],
      [
        0.0,
        0.0,
        0.0,
        1.0
      ]
    ],
    [
      [
        1.0,
        0.0,
        0.0,
        0.0
      ],
      [
        0.0,
        0.9426415435776416,
        -0.3338068802876499,
        0.46895250643771386
      ],
      [
        0.0,
        0.3338068802876499,
        0.9426415435776416,
        0.14561349695955678
      ],
      [
        0.0,
        0.0,
        0.0,
        1.0
      ]
    ],
    [
      [
        1.0,
        0.0,
        0.0,
        0.0
      ],
      [
        0.0,
        0.9288095810725607,
        -0.3705574503425362,
        0.6987801191919278
      ],
      [
        0.0,
        0.3705574503425362,
        0.9288095810725606,
        0.2321144780345479
      ],
      [
        0.0,
        0.0,
        0.0,
        1.0
      ]
    ],
    [
      [
        1.0,
        0.0,
        0.0,
        0.0
      ],
      [
        0.0,
        0.913545437160772,
        -0.4067366189033949,
        0.9250344611018763
      ],
      [
        0.0,
        0.4067366189033949,
        0.9135454371607721,
        0.3275718121523489
      ],
      [
        0.0,
        0.0,
        0.0,
        1.0
      ]
    ],
    [
      [
        1.0,
        0.0,
        0.0,
        0.0
      ],
      [
        0.0,
        0.8968727857160077,
        -0.4422887095986108,
        1.1473670182630609
      ],
      [
        0.0,
        0.4422887095986108,
        0.8968727857160077,
        0.43183809132037926
      ],
      [
        0.0,
        0.0,
        0.0,
        1.0
      ]
    ],
    [
      [
        1.0,
        0.0,
        0.0,
        0.0
      ],
      [
        0.0,
        0.8788171340178441,
        -0.4771587836052531,
        1.3654343917515417
      ],
      [
        0.0,
        0.47715878360525305,
        0.8788171340178442,
        0.5447530134942773
      ],
      [
        0.0,
        0.0,
        0.0,
        1.0
      ]
    ],
    [
      [
        1.0,
        0.0,
        0.0,
        0.0
      ],
      [
        0.0,
        0.8594064683901541,
        -0.5112931228462071,
        1.5789010739692118
      ],
      [
        0.0,
        0.5112931228462071,
        0.8594064683901542,
        0.666141621724517
      ],
      [
        0.0,
        0.0,
        0.0,
        1.0
      ]
    ],
    [
      [
        1.0,
        0.0,
        0.0,
        0.0
      ],
      [
        0.0,
        0.8386705599548089,
        -0.5446390562713462,
        1.7874368271179775
      ],
      [
        0.0,
        0.5446390562713462,
        0.8386705599548088,
        0.7958181945878086
      ],
      [
        0.0,
        0.0,
        0.0,
        1.0
      ]
    ],
    [
      [
        1.0,
        0.0,
        0.0,
        0.0
      ],
      [
        0.0,
        0.8166415795229021,
        -0.5771451665841616,
        1.9907210919422862
      ],
      [
        0.0,
        0.5771451665841616,
        0.816641579522902,
        0.9335810892275346
      ],
      [
        0.0,
        0.0,
        0.0,
        1.0
      ]
    ],
    [
      [
        1.0,
        0.0,
        0.0,
        0.0
      ],
      [
        0.0,
        0.793353345006854,
        -0.6087614496134629,
        2.188440194944588
      ],
      [
        0.0,
        0.6087614496134629,
        0.793353345006854,
        1.0792186921000677
      ],
      [
        0.0,
        0.0,
        0.0,
        1.0
      ]
    ],
    [
      [
        1.0,
        0.0,
        0.0,
        0.0
      ],
      [
        0.0,
        0.7688418523059741,
        -0.6394390277241578,
        2.3802892121403647
      ],
      [
        0.0,
        0.6394390277241578,
        0.7688418523059741,
        1.2325069491358536
      ],
      [
        0.0,
        0.0,
        0.0,
        1.0
      ]
    ],
    [
      [
        1.0,
        0.0,
        0.0,
        0.0
      ],
      [
        0.0,
        0.7431448694637498,
        -0.6691306170975159,
        2.5659715751621173
      ],
      [
        0.0,
        0.6691306170975159,
        0.7431448694637498,
        1.3932088221235517
      ],
      [
        0.0,
        0.0,
        0.0,
        1.0
      ]
    ],
    [
      [
        1.0,
        0.0,
        0.0,
        0.0
      ],
      [
        0.0,
        0.7163019600283838,
        -0.6977904848104713,
        2.7452023633554745
      ],
      [
        0.0,
        0.6977904848104712,
        0.7163019600283839,
        1.561076407987054
      ],
      [
        0.0,
        0.0,
        0.0,
        1.0
      ]
    ],
    [
      [
        1.0,
        0.0,
        0.0,
        0.0
      ],
      [
        -0.0,
        0.6883546044029661,
        -0.725374396451285,
        2.9177043416854276
      ],
      [
        0.0,
        0.725374396451285,
        0.6883546044029663,
        1.7358514198712123
      ],
      [
        0.0,
        0.0,
        0.0,
        1.0
      ]
    ],
    [
      [
        1.0,
        0.0,
        0.0,
        0.0
      ],
      [
        -0.0,
        0.6593458048524059,
        -0.7518398156665143,
        3.083211804887053
      ],
      [
        0.0,
        0.7518398156665141,
        0.659345804852406,
        1.9172638981619132
      ],
      [
        0.0,
        0.0,
        0.0,
        1.0
      ]
    ],
    [
      [
        1.0,
        0.0,
        0.0,
        0.0
      ],
      [
        -0.0,
        0.6293204278059039,
        -0.7771459774258835,
        3.241468934679028
      ],
      [
        0.0,
        0.7771459774258834,
        0.6293204278059039,
        2.1050343482427225
      ],
      [
        0.0,
        0.0,
        0.0,
        1.0
      ]
    ],
    [
      [
        1.0,
        0.0,
        0.0,
        0.0
      ],
      [
        -0.0,
        0.5983246158874319,
        -0.8012538210753177,
        3.3922325056010036
      ],
      [
        0.0,
        0.8012538210753176,
        0.5983246158874318,
        2.298873302764824
      ],
      [
        0.0,
        0.0,
        0.0,
        1.0
      ]
    ],
    [
      [
        1.0,
        0.0,
        0.0,
        0.0
      ],
      [
        -0.0,
        0.5664062459380274,
        -0.8241261780764569,
        3.5352700738718448
      ],
      [
        0.0,
        0.824126178076457,
        0.5664062459380272,
        2.4984812446333513
      ],
      [
        0.0,
        0.0,
        0.0,
        1.0
      ]
    ],
    [
      [
        1.0,
        0.0,
        0.0,
        0.0
      ],
      [
        -0.0,
        0.5336145087982763,
        -0.8457278839672623,
        3.6703606428488253
      ],
      [
        0.0,
        0.8457278839672623,
        0.5336145087982764,
        2.7035519994811525
      ],
      [
        0.0,
        0.0,
        0.0,
        1.0
      ]
    ],
    [
      [
        1.0,
        0.0,
        0.0,
        0.0
      ],
      [
        -0.0,
        0.49999999856001176,
        -0.86602543736582,
        3.797295810703529
      ],
      [
        0.0,
        0.86602543736582,
        0.49999999856001176,
        2.9137673320795936
      ],
      [
        0.0,
        0.0,
        0.0,
        1.0
      ]
    ]
  ],
  "intrinsic": [
    [
      [
        530.7259521484375,
        0.0,
        452.0
      ],
      [
        0.0,
        530.7259521484375,
        256.0
      ],
      [
        0.0,
        0.0,
        1.0
      ]
    ],
    [
      [
        530.7259521484375,
        0.0,
        452.0
      ],
      [
        0.0,
        530.7259521484375,
        256.0
      ],
      [
        0.0,
        0.0,
        1.0
      ]
    ],
    [
      [
        530.7259521484375,
        0.0,
        452.0
      ],
      [
        0.0,
        530.7259521484375,
        256.0
      ],
      [
        0.0,
        0.0,
        1.0
      ]
    ],
    [
      [
        530.7259521484375,
        0.0,
        452.0
      ],
      [
        0.0,
        530.7259521484375,
        256.0
      ],
      [
        0.0,
        0.0,
        1.0
      ]
    ],
    [
      [
        530.7259521484375,
        0.0,
        452.0
      ],
      [
        0.0,
        530.7259521484375,
        256.0
      ],
      [
        0.0,
        0.0,
        1.0
      ]
    ],
    [
      [
        530.7259521484375,
        0.0,
        452.0
      ],
      [
        0.0,
        530.7259521484375,
        256.0
      ],
      [
        0.0,
        0.0,
        1.0
      ]
    ],
    [
      [
        530.7259521484375,
        0.0,
        452.0
      ],
      [
        0.0,
        530.7259521484375,
        256.0
      ],
      [
        0.0,
        0.0,
        1.0
      ]
    ],
    [
      [
        530.7259521484375,
        0.0,
        452.0
      ],
      [
        0.0,
        530.7259521484375,
        256.0
      ],
      [
        0.0,
        0.0,
        1.0
      ]
    ],
    [
      [
        530.7259521484375,
        0.0,
        452.0
      ],
      [
        0.0,
        530.7259521484375,
        256.0
      ],
      [
        0.0,
        0.0,
        1.0
      ]
    ],
    [
      [
        530.7259521484375,
        0.0,
        452.0
      ],
      [
        0.0,
        530.7259521484375,
        256.0
      ],
      [
        0.0,
        0.0,
        1.0
      ]
    ],
    [
      [
        530.7259521484375,
        0.0,
        452.0
      ],
      [
        0.0,
        530.7259521484375,
        256.0
      ],
      [
        0.0,
        0.0,
        1.0
      ]
    ],
    [
      [
        530.7259521484375,
        0.0,
        452.0
      ],
      [
        0.0,
        530.7259521484375,
        256.0
      ],
      [
        0.0,
        0.0,
        1.0
      ]
    ],
    [
      [
        530.7259521484375,
        0.0,
        452.0
      ],
      [
        0.0,
        530.7259521484375,
        256.0
      ],
      [
        0.0,
        0.0,
        1.0
      ]
    ],
    [
      [
        530.7259521484375,
        0.0,
        452.0
      ],
      [
        0.0,
        530.7259521484375,
        256.0
      ],
      [
        0.0,
        0.0,
        1.0
      ]
    ],
    [
      [
        530.7259521484375,
        0.0,
        452.0
      ],
      [
        0.0,
        530.7259521484375,
        256.0
      ],
      [
        0.0,
        0.0,
        1.0
      ]
    ],
    [
      [
        530.7259521484375,
        0.0,
        452.0
      ],
      [
        0.0,
        530.7259521484375,
        256.0
      ],
      [
        0.0,
        0.0,
        1.0
      ]
    ],
    [
      [
        530.7259521484375,
        0.0,
        452.0
      ],
      [
        0.0,
        530.7259521484375,
        256.0
      ],
      [
        0.0,
        0.0,
        1.0
      ]
    ],
    [
      [
        530.7259521484375,
        0.0,
        452.0
      ],
      [
        0.0,
        530.7259521484375,
        256.0
      ],
      [
        0.0,
        0.0,
        1.0
      ]
    ],
    [
      [
        530.7259521484375,
        0.0,
        452.0
      ],
      [
        0.0,
        530.7259521484375,
        256.0
      ],
      [
        0.0,
        0.0,
        1.0
      ]
    ],
    [
      [
        530.7259521484375,
        0.0,
        452.0
      ],
      [
        0.0,
        530.7259521484375,
        256.0
      ],
      [
        0.0,
        0.0,
        1.0
      ]
    ],
    [
      [
        530.7259521484375,
        0.0,
        452.0
      ],
      [
        0.0,
        530.7259521484375,
        256.0
      ],
      [
        0.0,
        0.0,
        1.0
      ]
    ]
  ],
  "width": 904,
  "height": 512
}