{
  "motion_list": [
    "pan_left-7.001735643722109",
    "rotation_left-phi99.87910973773928-theta0"
  ],
  "extrinsic": [
    [
      [
        1.0,
        0.0,
        0.0,
        0.0
      ],
      [
        0.0,
        1.0,
        0.0,
        0.0
      ],
      [
        0.0,
        0.0,
        1.0,
        8.746005058288574
      ],
      [
        0.0,
        0.0,
        0.0,
        1.0
      ]
    ],
    [
      [
        1.0,
        0.0,
        0.0,
        -0.05106222629547119
      ],
      [
        0.0,
        1.0,
        0.0,
        0.0
      ],
      [
        0.0,
        0.0,
        1.0,
        8.536857604980469
      ],
      [
        0.0,
        0.0,
        0.0,
        1.0
      ]
    ],
    [
      [
        1.0,
        0.0,
        0.0,
        -0.10212445259094238
      ],
      [
        0.0,
        1.0,
        0.0,
        0.0
      ],
      [
        0.0,
        0.0,
        1.0,
        8.327710151672363
      ],
      [
        0.0,
        0.0,
        0.0,
        1.0
      ]
    ],
    [
      [
        1.0,
        0.0,
        0.0,
        -0.15318667888641357
      ],
      [
        0.0,
        1.0,
        0.0,
        0.0
      ],
      [
        0.0,
        0.0,
        1.0,
        8.118562698364258
      ],
      [
        0.0,
        0.0,
        0.0,
        1.0
      ]
    ],
    [
      [
        1.0,
        0.0,
        0.0,
        -0.20424890518188477
      ],
      [
        0.0,
        1.0,
        0.0,
        0.0
      ],
      [
        0.0,
        0.0,
        1.0,
        7.9094157218933105
      ],
      [
        0.0,
        0.0,
        0.0,
        1.0
      ]
    ],
    [
      [
        1.0,
        0.0,
        0.0,
        -0.25531113147735596
      ],
      [
        0.0,
        1.0,
        0.0,
        0.0
      ],
      [
        0.0,
        0.0,
        1.0,
        7.700268745422363
      ],
      [
        0.0,
        0.0,
        0.0,
        1.0
      ]
    ],
    [
      [
        1.0,
        0.0,
        0.0,
        -0.30637335777282715
      ],
      [
        0.0,
        1.0,
        0.0,
        0.0
      ],
      [
        0.0,
        0.0,
        1.0,
        7.491121292114258
      ],
      [
        0.0,
        0.0,
        0.0,
        1.0
      ]
    ],
    [
      [
        1.0,
        0.0,
        0.0,
        -0.35743558406829834
      ],
      [
        0.0,
        1.0,
        0.0,
        0.0
      ],
      [
        0.0,
        0.0,
        1.0,
        7.281973838806152
      ],
      [
        0.0,
        0.0,
        0.0,
        1.0
      ]
    ],
    [
      [
        1.0,
        0.0,
        0.0,
        -0.40849781036376953
      ],
      [
        0.0,
        1.0,
        0.0,
        0.0
      ],
      [
        0.0,
        0.0,
        1.0,
        7.072826862335205
      ],
      [
        0.0,
        0.0,
        0.0,
        1.0
      ]
    ],
    [
      [
        1.0,
        0.0,
        0.0,
        -0.4595600366592407
      ],
      [
        0.0,
        1.0,
        0.0,
        0.0
      ],
      [
        0.0,
        0.0,
        1.0,
        6.8636794090271
      ],
      [
        0.0,
        0.0,
        0.0,
        1.0
      ]
    ],
    [
      [
        1.0,
        0.0,
        0.0,
        -0.5106222629547119
      ],
      [
        0.0,
        1.0,
        0.0,
        0.0
      ],
      [
        0.0,
        0.0,
        1.0,
        6.654532432556152
      ],
      [
        0.0,
        0.0,
        0.0,
        1.0
      ]
    ],
    [
      [
        1.0,
        0.0,
        0.0,
        -0.5616844892501831
      ],
      [
        0.0,
        1.0,
        0.0,
        0.0
      ],
      [
        0.0,
        0.0,
        1.0,
        6.445384979248047
      ],
      [
        0.0,
        0.0,
        0.0,
        1.0
      ]
    ],
    [
      [
        1.0,
        0.0,
        0.0,
        -0.6127467155456543
      ],
      [
        0.0,
        1.0,
        0.0,
        0.0
      ],
      [
        0.0,
        0.0,
        1.0,
        6.236237525939941
      ],
      [
        0.0,
        0.0,
        0.0,
        1.0
      ]
    ],
    [
      [
        1.0,
        0.0,
        0.0,
        -0.6638089418411255
      ],
      [
        0.0,
        1.0,
        0.0,
        0.0
      ],
      [
        0.0,
        0.0,
        1.0,
        6.027090549468994
      ],
      [
        0.0,
        0.0,
        0.0,
        1.0
      ]
    ],
    [
      [
        1.0,
        0.0,
        0.0,
        -0.7148711681365967
      ],
      [
        0.0,
        1.0,
        0.0,
        0.0
      ],
      [
        0.0,
        0.0,
        1.0,
        5.817943096160889
      ],
      [
        0.0,
        0.0,
        0.0,
        1.0
      ]
    ],
    [
      [
        1.0,
        0.0,
        0.0,
        -0.7659333944320679
      ],
      [
        0.0,
        1.0,
        0.0,
        0.0
      ],
      [
        0.0,
        0.0,
        1.0,
        5.608795642852783
      ],
      [
        0.0,
        0.0,
        0.0,
        1.0
      ]
    ],
    [
      [
        1.0,
        0.0,
        0.0,
        -0.8169956207275391
      ],
      [
        0.0,
        1.0,
        0.0,
        0.0
      ],
      [
        0.0,
        0.0,
        1.0,
        5.399648666381836
      ],
      [
        0.0,
        0.0,
        0.0,
        1.0
      ]
    ],
    [
      [
        1.0,
        0.0,
        0.0,
        -0.8680578470230103
      ],
      [
        0.0,
        1.0,
        0.0,
        0.0
      ],
      [
        0.0,
        0.0,
        1.0,
        5.1905012130737305
      ],
      [
        0.0,
        0.0,
        0.0,
        1.0
      ]
    ],
    [
      [
        1.0,
        0.0,
        0.0,
        -0.9191200733184814
      ],
      [
        0.0,
        1.0,
        0.0,
        0.0
      ],
      [
        0.0,
        0.0,
        1.0,
        4.981353759765625
      ],
      [
        0.0,
        0.0,
        0.0,
        1.0
      ]
    ],
    [
      [
        1.0,
        0.0,
        0.0,
        -0.9701822996139526
      ],
      [
        0.0,
        1.0,
        0.0,
        0.0
      ],
      [
        0.0,
        0.0,
        1.0,
        4.772206783294678
      ],
      [
        0.0,
        0.0,
        0.0,
        1.0
      ]
    ],
    [
      [
        1.0,
        0.0,
        0.0,
        -1.0212445259094238
      ],
      [
        0.0,
        1.0,
        0.0,
        0.0
      ],
      [
        0.0,
        0.0,
        1.0,
        4.563059329986572
      ],
      [
        0.0,
        0.0,
        0.0,
        1.0
      ]
    ],
    [
      [
        1.0,
        0.0,
        0.0,
        -1.072306752204895
      ],
      [
        0.0,
        1.0,
        0.0,
        0.0
      ],
      [
        0.0,
        0.0,
        1.0,
        4.353912353515625
      ],
      [
        0.0,
        0.0,
        0.0,
        1.0
      ]
    ],
    [
      [
        1.0,
        0.0,
        0.0,
        -1.1233689785003662
      ],
      [
        0.0,
        1.0,
        0.0,
        0.0
      ],
      [
        0.0,
        0.0,
        1.0,
        4.144764423370361
      ],
      [
        0.0,
        0.0,
        0.0,
        1.0
      ]
    ],
    [
      [
        1.0,
        0.0,
        0.0,
        -1.1744312047958374
      ],
      [
        0.0,
        1.0,
        0.0,
        0.0
      ],
      [
        0.0,
        0.0,
        1.0,
        3.935617446899414
      ],
      [
        0.0,
        0.0,
        0.0,
        1.0
      ]
    ],
    [
      [
        1.0,
        0.0,
        0.0,
        -1.2254934310913086
      ],
      [
        0.0,
        1.0,
        0.0,
        0.0
      ],
      [
        0.0,
        0.0,
        1.0,
        3.7264699935913086
      ],
      [
        0.0,
        0.0,
        0.0,
        1.0
      ]
    ],
    [
      [
        1.0,
        0.0,
        0.0,
        -1.2765556573867798
      ],
      [
        0.0,
        1.0,
        0.0,
        0.0
      ],
      [
        0.0,
        0.0,
        1.0,
        3.5173230171203613
      ],
      [
        0.0,
        0.0,
        0.0,
        1.0
      ]
    ],
    [
      [
        1.0,
        0.0,
        0.0,
        -1.327617883682251
      ],
      [
        0.0,
        1.0,
        0.0,
        0.0
      ],
      [
        0.0,
        0.0,
        1.0,
        3.308176040649414
      ],
      [
        0.0,
        0.0,
        0.0,
        1.0
      ]
    ],
    [
      [
        1.0,
        0.0,
        0.0,
        -1.3786801099777222
      ],
      [
        0.0,
        1.0,
        0.0,
        0.0
      ],
      [
        0.0,
        0.0,
        1.0,
        3.0990281105041504
      ],
      [
        0.0,
        0.0,
        0.0,
        1.0
      ]
    ],
    [
      [
        1.0,
        0.0,
        0.0,
        -1.4297423362731934
      ],
      [
        0.0,
        1.0,
        0.0,
        0.0
      ],
      [
        0.0,
        0.0,
        1.0,
        2.889881134033203
      ],
      [
        0.0,
        0.0,
        0.0,
        1.0
      ]
    ],
    [
      [
        1.0,
        0.0,
        0.0,
        -1.4808045625686646
      ],
      [
        0.0,
        1.0,
        0.0,
        0.0
      ],
      [
        0.0,
        0.0,
        1.0,
        2.6807336807250977
      ],
      [
        0.0,
        0.0,
        0.0,
        1.0
      ]
    ],
    [
      [
        1.0,
        0.0,
        0.0,
        -1.5318667888641357
      ],
      [
        0.0,
        1.0,
        0.0,
        0.0
      ],
      [
        0.0,
        0.0,
        1.0,
        2.471586227416992
      ],
      [
        0.0,
        0.0,
        0.0,
        1.0
      ]
    ],
    [
      [
        1.0,
        0.0,
        0.0,
        -1.582929015159607
      ],
      [
        0.0,
        1.0,
        0.0,
        0.0
      ],
      [
        0.0,
        0.0,
        1.0,
        2.262439250946045
      ],
      [
        0.0,
        0.0,
        0.0,
        1.0
      ]
    ],
    [
      [
        1.0,
        0.0,
        0.0,
        -1.6339912414550781
      ],
      [
        0.0,
        1.0,
        0.0,
        0.0
      ],
      [
        0.0,
        0.0,
        1.0,
        2.0532917976379395
      ],
      [
        0.0,
        0.0,
        0.0,
        1.0
      ]
    ],
    [
      [
        1.0,
        0.0,
        0.0,
        -1.6850534677505493
      ],
      [
        0.0,
        1.0,
        0.0,
        0.0
      ],
      [
        0.0,
        0.0,
        1.0,
        1.8441448211669922
      ],
      [
        0.0,
        0.0,
        0.0,
        1.0
      ]
    ],
    [
      [
        1.0,
        0.0,
        0.0,
        -1.7361156940460205
      ],
      [
        0.0,
        1.0,
        0.0,
        0.0
      ],
      [
        0.0,
        0.0,
        1.0,
        1.6349968910217285
      ],
      [
        0.0,
        0.0,
        0.0,
        1.0
      ]
    ],
    [
      [
        1.0,
        0.0,
        0.0,
        -1.7871779203414917
      ],
      [
        0.0,
        1.0,
        0.0,
        0.0
      ],
      [
        0.0,
        0.0,
        1.0,
        1.4258499145507812
      ],
      [
        0.0,
        0.0,
        0.0,
        1.0
      ]
    ],
    [
      [
        1.0,
        0.0,
        0.0,
        -1.838240146636963
      ],
      [
        0.0,
        1.0,
        0.0,
        0.0
      ],
      [
        0.0,
        0.0,
        1.0,
        1.216702938079834
      ],
      [
        0.0,
        0.0,
        0.0,
        1.0
      ]
    ],
    [
      [
        1.0,
        0.0,
        0.0,
        -1.889302372932434
      ],
      [
        0.0,
        1.0,
        0.0,
        0.0
      ],
      [
        0.0,
        0.0,
        1.0,
        1.0075554847717285
      ],
      [
        0.0,
        0.0,
        0.0,
        1.0
      ]
    ],
    [
      [
        1.0,
        0.0,
        0.0,
        -1.9403645992279053
      ],
      [
        0.0,
        1.0,
        0.0,
        0.0
      ],
      [
        0.0,
        0.0,
        1.0,
        0.7984085083007812
      ],
      [
        0.0,
        0.0,
        0.0,
        1.0
      ]
    ],
    [
      [
        1.0,
        0.0,
        0.0,
        -1.9914268255233765
      ],
      [
        0.0,
        1.0,
        0.0,
        0.0
      ],
      [
        0.0,
        0.0,
        1.0,
        0.5892610549926758
      ],
      [
        0.0,
        0.0,
        0.0,
        1.0
      ]
    ],
    [
      [
        1.0,
        0.0,
        0.0,
        -2.0424890518188477
      ],
      [
        0.0,
        1.0,
        0.0,
        0.0
      ],
      [
        0.0,
        0.0,
        1.0,
        0.3801136016845703
      ],
      [
        0.0,
        0.0,
        0.0,
        1.0
      ]
    ],
    [
      [
        0.9990505576133728,
        0.0,
        -0.04356669262051582,
        -1.696669578552246
      ],
      [
        0.0,
        1.0,
        0.0,
        0.0
      ],
      [
        0.04356669262051582,
        0.0,
        0.9990505576133728,
        0.2841286361217499
      ],
      [
        0.0,
        0.0,
        0.0,
        1.0
      ]
    ],
    [
      [
        0.9962038993835449,
        0.0,
        -0.08705064654350281,
        -1.3270734548568726
      ],
      [
        0.0,
        1.0,
        0.0,
        0.0
      ],
      [
        0.08705064654350281,
        0.0,
        0.9962038993835449,
        0.21912871301174164
      ],
      [
        0.0,
        0.0,
        0.0,
        1.0
      ]
    ],
    [
      [
        0.9914655089378357,
        0.0,
        -0.13036930561065674,
        -0.9549959897994995
      ],
      [
        0.0,
        1.0,
        0.0,
        0.0
      ],
      [
        0.13036930561065674,
        0.0,
        0.9914655089378357,
        0.17029070854187012
      ],
      [
        0.0,
        0.0,
        0.0,
        1.0
      ]
    ],
    [
      [
        0.9848443269729614,
        0.0,
        -0.1734403818845749,
        -0.5811445713043213
      ],
      [
        0.0,
        1.0,
        0.0,
        0.0
      ],
      [
        0.1734403818845749,
        0.0,
        0.9848443269729614,
        0.1377105563879013
      ],
      [
        0.0,
        0.0,
        0.0,
        1.0
      ]
    ],
    [
      [
        0.9763530492782593,
        0.0,
        -0.21618211269378662,
        -0.20622827112674713
      ],
      [
        0.0,
        1.0,
        0.0,
        0.0
      ],
      [
        0.21618211269378662,
        0.0,
        0.9763530492782593,
        0.12144805490970612
      ],
      [
        0.0,
        0.0,
        0.0,
        1.0
      ]
    ],
    [
      [
        0.966007649898529,
        0.0,
        -0.25851333141326904,
        0.16904017329216003
      ],
      [
        0.0,
        1.0,
        0.0,
        0.0
      ],
      [
        0.25851333141326904,
        0.0,
        0.966007649898529,
        0.12153598666191101
      ],
      [
        0.0,
        0.0,
        0.0,
        1.0
      ]
    ],
    [
      [
        0.9538279175758362,
        0.0,
        -0.30035361647605896,
        0.5439485311508179
      ],
      [
        0.0,
        1.0,
        0.0,
        0.0
      ],
      [
        0.30035361647605896,
        0.0,
        0.9538279175758362,
        0.13797211647033691
      ],
      [
        0.0,
        0.0,
        0.0,
        1.0
      ]
    ],
    [
      [
        0.939836859703064,
        0.0,
        -0.34162357449531555,
        0.9177851676940918
      ],
      [
        0.0,
        1.0,
        0.0,
        0.0
      ],
      [
        0.34162357449531555,
        0.0,
        0.939836859703064,
        0.17072628438472748
      ],
      [
        0.0,
        0.0,
        0.0,
        1.0
      ]
    ],
    [
      [
        0.9240610599517822,
        0.0,
        -0.3822447955608368,
        1.289839506149292
      ],
      [
        0.0,
        1.0,
        0.0,
        0.0
      ],
      [
        0.3822447955608368,
        0.0,
        0.9240610599517822,
        0.21973630785942078
      ],
      [
        0.0,
        0.0,
        0.0,
        1.0
      ]
    ],
    [
      [
        0.9065306186676025,
        0.0,
        -0.4221401810646057,
        1.659406065940857
      ],
      [
        0.0,
        1.0,
        0.0,
        0.0
      ],
      [
        0.4221401810646057,
        0.0,
        0.9065306186676025,
        0.28490838408470154
      ],
      [
        0.0,
        0.0,
        0.0,
        1.0
      ]
    ],
    [
      [
        0.8872786164283752,
        0.0,
        -0.46123385429382324,
        2.0257816314697266
      ],
      [
        0.0,
        1.0,
        0.0,
        0.0
      ],
      [
        0.46123385429382324,
        0.0,
        0.8872786164283752,
        0.36612018942832947
      ],
      [
        0.0,
        0.0,
        0.0,
        1.0
      ]
    ],
    [
      [
        0.8663417100906372,
        0.0,
        -0.49945172667503357,
        2.3882715702056885
      ],
      [
        0.0,
        1.0,
        0.0,
        0.0
      ],
      [
        0.49945172667503357,
        0.0,
        0.8663417100906372,
        0.46321606636047363
      ],
      [
        0.0,
        0.0,
        0.0,
        1.0
      ]
    ],
    [
      [
        0.8437596559524536,
        0.0,
        -0.5367211103439331,
        2.7461869716644287
      ],
      [
        0.0,
        1.0,
        0.0,
        0.0
      ],
      [
        0.5367211103439331,
        0.0,
        0.8437596559524536,
        0.5760129690170288
      ],
      [
        0.0,
        0.0,
        0.0,
        1.0
      ]
    ],
    [
      [
        0.8195754289627075,
        0.0,
        -0.5729714035987854,
        3.098848581314087
      ],
      [
        0.0,
        1.0,
        0.0,
        0.0
      ],
      [
        0.5729714035987854,
        0.0,
        0.8195754289627075,
        0.7042950391769409
      ],
      [
        0.0,
        0.0,
        0.0,
        1.0
      ]
    ],
    [
      [
        0.7938348054885864,
        0.0,
        -0.6081334948539734,
        3.4455859661102295
      ],
      [
        0.0,
        1.0,
        0.0,
        0.0
      ],
      [
        0.6081334948539734,
        0.0,
        0.7938348054885864,
        0.8478196859359741
      ],
      [
        0.0,
        0.0,
        0.0,
        1.0
      ]
    ],
    [
      [
        0.7665866613388062,
        0.0,
        -0.6421408653259277,
        3.7857418060302734
      ],
      [
        0.0,
        1.0,
        0.0,
        0.0
      ],
      [
        0.6421408653259277,
        0.0,
        0.7665866613388062,
        1.0063151121139526
      ],
      [
        0.0,
        0.0,
        0.0,
        1.0
      ]
    ],
    [
      [
        0.7378828525543213,
        0.0,
        -0.6749287843704224,
        4.118669509887695
      ],
      [
        0.0,
        1.0,
        0.0,
        0.0
      ],
      [
        0.6749287843704224,
        0.0,
        0.7378828525543213,
        1.1794790029525757
      ],
      [
        0.0,
        0.0,
        0.0,
        1.0
      ]
    ],
    [
      [
        0.7077778577804565,
        0.0,
        -0.7064350843429565,
        4.443736553192139
      ],
      [
        0.0,
        1.0,
        0.0,
        0.0
      ],
      [
        0.7064350843429565,
        0.0,
        0.7077778577804565,
        1.366983413696289
      ],
      [
        0.0,
        0.0,
        0.0,
        1.0
      ]
    ],
    [
      [
        0.6763287782669067,
        -0.0,
        -0.736599862575531,
        4.760326385498047
      ],
      [
        0.0,
        1.0,
        0.0,
        0.0
      ],
      [
        0.736599862575531,
        0.0,
        0.6763287782669067,
        1.5684711933135986
      ],
      [
        0.0,
        0.0,
        0.0,
        1.0
      ]
    ],
    [
      [
        0.6435953974723816,
        -0.0,
        -0.7653658986091614,
        5.067837715148926
      ],
      [
        0.0,
        1.0,
        0.0,
        0.0
      ],
      [
        0.7653658986091614,
        0.0,
        0.6435953974723816,
        1.783561110496521
      ],
      [
        0.0,
        0.0,
        0.0,
        1.0
      ]
    ],
    [
      [
        0.6096398830413818,
        -0.0,
        -0.7926784753799438,
        5.36568546295166
      ],
      [
        0.0,
        1.0,
        0.0,
        0.0
      ],
      [
        0.7926784753799438,
        0.0,
        0.6096398830413818,
        2.011843681335449
      ],
      [
        0.0,
        0.0,
        0.0,
        1.0
      ]
    ],
    [
      [
        0.5745266675949097,
        -0.0,
        -0.8184858560562134,
        5.653305530548096
      ],
      [
        0.0,
        1.0,
        0.0,
        0.0
      ],
      [
        0.8184858560562134,
        0.0,
        0.5745266675949097,
        2.252885580062866
      ],
      [
        0.0,
        0.0,
        0.0,
        1.0
      ]
    ],
    [
      [
        0.538322389125824,
        -0.0,
        -0.842738926410675,
        5.930150508880615
      ],
      [
        0.0,
        1.0,
        0.0,
        0.0
      ],
      [
        0.842738926410675,
        0.0,
        0.538322389125824,
        2.5062296390533447
      ],
      [
        0.0,
        0.0,
        0.0,
        1.0
      ]
    ],
    [
      [
        0.5010959506034851,
        -0.0,
        -0.865391731262207,
        6.195695877075195
      ],
      [
        0.0,
        1.0,
        0.0,
        0.0
      ],
      [
        0.865391731262207,
        0.0,
        0.5010959506034851,
        2.7713942527770996
      ],
      [
        0.0,
        0.0,
        0.0,
        1.0
      ]
    ],
    [
      [
        0.46291789412498474,
        -0.0,
        -0.8864011168479919,
        6.449436664581299
      ],
      [
        0.0,
        1.0,
        0.0,
        0.0
      ],
      [
        0.8864011168479919,
        0.0,
        0.46291789412498474,
        3.0478763580322266
      ],
      [
        0.0,
        0.0,
        0.0,
        1.0
      ]
    ],
    [
      [
        0.4238608181476593,
        -0.0,
        -0.9057273268699646,
        6.690891742706299
      ],
      [
        0.0,
        1.0,
        0.0,
        0.0
      ],
      [
        0.9057273268699646,
        0.0,
        0.4238608181476593,
        3.3351500034332275
      ],
      [
        0.0,
        0.0,
        0.0,
        1.0
      ]
    ],
    [
      [
        0.383998841047287,
        -0.0,
        -0.9233335852622986,
        6.919600963592529
      ],
      [
        0.0,
        1.0,
        0.0,
        0.0
      ],
      [
        0.9233335852622986,
        0.0,
        0.383998841047287,
        3.6326708793640137
      ],
      [
        0.0,
        0.0,
        0.0,
        1.0
      ]
    ],
    [
      [
        0.34340766072273254,
        -0.0,
        -0.9391864538192749,
        7.135131359100342
      ],
      [
        0.0,
        1.0,
        0.0,
        0.0
      ],
      [
        0.9391864538192749,
        0.0,
        0.34340766072273254,
        3.9398725032806396
      ],
      [
        0.0,
        0.0,
        0.0,
        1.0
      ]
    ],
    [
      [
        0.30216434597969055,
        -0.0,
        -0.953255832195282,
        7.33707332611084
      ],
      [
        0.0,
        1.0,
        0.0,
        0.0
      ],
      [
        0.953255832195282,
        0.0,
        0.30216434597969055,
        4.2561726570129395
      ],
      [
        0.0,
        0.0,
        0.0,
        1.0
      ]
    ],
    [
      [
        0.26034724712371826,
        -0.0,
        -0.9655150175094604,
        7.52504301071167
      ],
      [
        0.0,
        1.0,
        0.0,
        0.0
      ],
      [
        0.9655150175094604,
        0.0,
        0.26034724712371826,
        4.5809712409973145
      ],
      [
        0.0,
        0.0,
        0.0,
        1.0
      ]
    ],
    [
      [
        0.2180357575416565,
        -0.0,
        -0.9759408235549927,
        7.6986846923828125
      ],
      [
        0.0,
        1.0,
        0.0,
        0.0
      ],
      [
        0.9759408235549927,
        0.0,
        0.2180357575416565,
        4.913649559020996
      ],
      [
        0.0,
        0.0,
        0.0,
        1.0
      ]
    ],
    [
      [
        0.17531023919582367,
        -0.0,
        -0.9845132827758789,
        7.857667922973633
      ],
      [
        0.0,
        1.0,
        0.0,
        0.0
      ],
      [
        0.9845132827758789,
        0.0,
        0.17531023919582367,
        5.253577709197998
      ],
      [
        0.0,
        0.0,
        0.0,
        1.0
      ]
    ],
    [
      [
        0.1322517842054367,
        -0.0,
        -0.9912161231040955,
        8.001689910888672
      ],
      [
        0.0,
        1.0,
        0.0,
        0.0
      ],
      [
        0.9912161231040955,
        0.0,
        0.1322517842054367,
        5.600109577178955
      ],
      [
        0.0,
        0.0,
        0.0,
        1.0
      ]
    ],
    [
      [
        0.08894222229719162,
        -0.0,
        -0.9960368275642395,
        8.130477905273438
      ],
      [
        0.0,
        1.0,
        0.0,
        0.0
      ],
      [
        0.9960368275642395,
        0.0,
        0.08894222229719162,
        5.952587127685547
      ],
      [
        0.0,
        0.0,
        0.0,
        1.0
      ]
    ],
    [
      [
        0.045463744550943375,
        -0.0,
        -0.9989659786224365,
        8.243788719177246
      ],
      [
        0.0,
        1.0,
        0.0,
        0.0
      ],
      [
        0.9989659786224365,
        0.0,
        0.045463744550943375,
        6.310339450836182
      ],
      [
        0.0,
        0.0,
        0.0,
        1.0
      ]
    ],
    [
      [
        0.0018989386735484004,
        -0.0,
        -0.9999982118606567,
        8.34140396118164
      ],
      [
        0.0,
        1.0,
        0.0,
        0.0
      ],
      [
        0.9999982118606567,
        0.0,
        0.0018989386735484004,
        6.6726908683776855
      ],
      [
        0.0,
        0.0,
        0.0,
        1.0
      ]
    ],
    [
      [
        -0.04166947677731514,
        -0.0,
        -0.999131441116333,
        8.423140525817871
      ],
      [
        0.0,
        1.0,
        0.0,
        0.0
      ],
      [
        0.999131441116333,
        0.0,
        -0.04166947677731514,
        7.038949489593506
      ],
      [
        0.0,
        0.0,
        0.0,
        1.0
      ]
    ],
    [
      [
        -0.08515875786542892,
        -0.0,
        -0.9963673949241638,
        8.488842964172363
      ],
      [
        0.0,
        1.0,
        0.0,
        0.0
      ],
      [
        0.9963673949241638,
        0.0,
        -0.08515875786542892,
        7.408421039581299
      ],
      [
        0.0,
        0.0,
        0.0,
        1.0
      ]
    ],
    [
      [
        -0.12848633527755737,
        -0.0,
        -0.9917113184928894,
        8.538387298583984
      ],
      [
        0.0,
        1.0,
        0.0,
        0.0
      ],
      [
        0.9917113184928894,
        0.0,
        -0.12848633527755737,
        7.780404567718506
      ],
      [
        0.0,
        0.0,
        0.0,
        1.0
      ]
    ],
    [
      [
        -0.17156989872455597,
        -0.0,
        -0.985171914100647,
        8.571677207946777
      ],
      [
        0.0,
        1.0,
        0.0,
        0.0
      ],
      [
        0.985171914100647,
        0.0,
        -0.17156989872455597,
        8.154193878173828
      ],
      [
        0.0,
        0.0,
        0.0,
        1.0
      ]
    ]
  ],
  "intrinsic": [
    [
      [
        957.5806884765625,
        0.0,
        512.0
      ],
      [
        0.0,
        957.5806884765625,
        512.0
      ],
      [
        0.0,
        0.0,
        1.0
      ]
    ],
    [
      [
        957.5806884765625,
        0.0,
        512.0
      ],
      [
        0.0,
        957.5806884765625,
        512.0
      ],
      [
        0.0,
        0.0,
        1.0
      ]
    ],
    [
      [
        957.5806884765625,
        0.0,
        512.0
      ],
      [
        0.0,
        957.5806884765625,
        512.0
      ],
      [
        0.0,
        0.0,
        1.0
      ]
    ],
    [
      [
        957.5806884765625,
        0.0,
        512.0
      ],
      [
        0.0,
        957.5806884765625,
        512.0
      ],
      [
        0.0,
        0.0,
        1.0
      ]
    ],
    [
      [
        957.5806884765625,
        0.0,
        512.0
      ],
      [
        0.0,
        957.5806884765625,
        512.0
      ],
      [
        0.0,
        0.0,
        1.0
      ]
    ],
    [
      [
        957.5806884765625,
        0.0,
        512.0
      ],
      [
        0.0,
        957.5806884765625,
        512.0
      ],
      [
        0.0,
        0.0,
        1.0
      ]
    ],
    [
      [
        957.5806884765625,
        0.0,
        512.0
      ],
      [
        0.0,
        957.5806884765625,
        512.0
      ],
      [
        0.0,
        0.0,
        1.0
      ]
    ],
    [
      [
        957.5806884765625,
        0.0,
        512.0
      ],
      [
        0.0,
        957.5806884765625,
        512.0
      ],
      [
        0.0,
        0.0,
        1.0
      ]
    ],
    [
      [
        957.5806884765625,
        0.0,
        512.0
      ],
      [
        0.0,
        957.5806884765625,
        512.0
      ],
      [
        0.0,
        0.0,
        1.0
      ]
    ],
    [
      [
        957.5806884765625,
        0.0,
        512.0
      ],
      [
        0.0,
        957.5806884765625,
        512.0
      ],
      [
        0.0,
        0.0,
        1.0
      ]
    ],
    [
      [
        957.5806884765625,
        0.0,
        512.0
      ],
      [
        0.0,
        957.5806884765625,
        512.0
      ],
      [
        0.0,
        0.0,
        1.0
      ]
    ],
    [
      [
        957.5806884765625,
        0.0,
        512.0
      ],
      [
        0.0,
        957.5806884765625,
        512.0
      ],
      [
        0.0,
        0.0,
        1.0
      ]
    ],
    [
      [
        957.5806884765625,
        0.0,
        512.0
      ],
      [
        0.0,
        957.5806884765625,
        512.0
      ],
      [
        0.0,
        0.0,
        1.0
      ]
    ],
    [
      [
        957.5806884765625,
        0.0,
        512.0
      ],
      [
        0.0,
        957.5806884765625,
        512.0
      ],
      [
        0.0,
        0.0,
        1.0
      ]
    ],
    [
      [
        957.5806884765625,
        0.0,
        512.0
      ],
      [
        0.0,
        957.5806884765625,
        512.0
      ],
      [
        0.0,
        0.0,
        1.0
      ]
    ],
    [
      [
        957.5806884765625,
        0.0,
        512.0
      ],
      [
        0.0,
        957.5806884765625,
        512.0
      ],
      [
        0.0,
        0.0,
        1.0
      ]
    ],
    [
      [
        957.5806884765625,
        0.0,
        512.0
      ],
      [
        0.0,
        957.5806884765625,
        512.0
      ],
      [
        0.0,
        0.0,
        1.0
      ]
    ],
    [
      [
        957.5806884765625,
        0.0,
        512.0
      ],
      [
        0.0,
        957.5806884765625,
        512.0
      ],
      [
        0.0,
        0.0,
        1.0
      ]
    ],
    [
      [
        957.5806884765625,
        0.0,
        512.0
      ],
      [
        0.0,
        957.5806884765625,
        512.0
      ],
      [
        0.0,
        0.0,
        1.0
      ]
    ],
    [
      [
        957.5806884765625,
        0.0,
        512.0
      ],
      [
        0.0,
        957.5806884765625,
        512.0
      ],
      [
        0.0,
        0.0,
        1.0
      ]
    ],
    [
      [
        957.5806884765625,
        0.0,
        512.0
      ],
      [
        0.0,
        957.5806884765625,
        512.0
      ],
      [
        0.0,
        0.0,
        1.0
      ]
    ],
    [
      [
        957.5806884765625,
        0.0,
        512.0
      ],
      [
        0.0,
        957.5806884765625,
        512.0
      ],
      [
        0.0,
        0.0,
        1.0
      ]
    ],
    [
      [
        957.5806884765625,
        0.0,
        512.0
      ],
      [
        0.0,
        957.5806884765625,
        512.0
      ],
      [
        0.0,
        0.0,
        1.0
      ]
    ],
    [
      [
        957.5806884765625,
        0.0,
        512.0
      ],
      [
        0.0,
        957.5806884765625,
        512.0
      ],
      [
        0.0,
        0.0,
        1.0
      ]
    ],
    [
      [
        957.5806884765625,
        0.0,
        512.0
      ],
      [
        0.0,
        957.5806884765625,
        512.0
      ],
      [
        0.0,
        0.0,
        1.0
      ]
    ],
    [
      [
        957.5806884765625,
        0.0,
        512.0
      ],
      [
        0.0,
        957.5806884765625,
        512.0
      ],
      [
        0.0,
        0.0,
        1.0
      ]
    ],
    [
      [
        957.5806884765625,
        0.0,
        512.0
      ],
      [
        0.0,
        957.5806884765625,
        512.0
      ],
      [
        0.0,
        0.0,
        1.0
      ]
    ],
    [
      [
        957.5806884765625,
        0.0,
        512.0
      ],
      [
        0.0,
        957.5806884765625,
        512.0
      ],
      [
        0.0,
        0.0,
        1.0
      ]
    ],
    [
      [
        957.5806884765625,
        0.0,
        512.0
      ],
      [
        0.0,
        957.5806884765625,
        512.0
      ],
      [
        0.0,
        0.0,
        1.0
      ]
    ],
    [
      [
        957.5806884765625,
        0.0,
        512.0
      ],
      [
        0.0,
        957.5806884765625,
        512.0
      ],
      [
        0.0,
        0.0,
        1.0
      ]
    ],
    [
      [
        957.5806884765625,
        0.0,
        512.0
      ],
      [
        0.0,
        957.5806884765625,
        512.0
      ],
      [
        0.0,
        0.0,
        1.0
      ]
    ],
    [
      [
        957.5806884765625,
        0.0,
        512.0
      ],
      [
        0.0,
        957.5806884765625,
        512.0
      ],
      [
        0.0,
        0.0,
        1.0
      ]
    ],
    [
      [
        957.5806884765625,
        0.0,
        512.0
      ],
      [
        0.0,
        957.5806884765625,
        512.0
      ],
      [
        0.0,
        0.0,
        1.0
      ]
    ],
    [
      [
        957.5806884765625,
        0.0,
        512.0
      ],
      [
        0.0,
        957.5806884765625,
        512.0
      ],
      [
        0.0,
        0.0,
        1.0
      ]
    ],
    [
      [
        957.5806884765625,
        0.0,
        512.0
      ],
      [
        0.0,
        957.5806884765625,
        512.0
      ],
      [
        0.0,
        0.0,
        1.0
      ]
    ],
    [
      [
        957.5806884765625,
        0.0,
        512.0
      ],
      [
        0.0,
        957.5806884765625,
        512.0
      ],
      [
        0.0,
        0.0,
        1.0
      ]
    ],
    [
      [
        957.5806884765625,
        0.0,
        512.0
      ],
      [
        0.0,
        957.5806884765625,
        512.0
      ],
      [
        0.0,
        0.0,
        1.0
      ]
    ],
    [
      [
        957.5806884765625,
        0.0,
        512.0
      ],
      [
        0.0,
        957.5806884765625,
        512.0
      ],
      [
        0.0,
        0.0,
        1.0
      ]
    ],
    [
      [
        957.5806884765625,
        0.0,
        512.0
      ],
      [
        0.0,
        957.5806884765625,
        512.0
      ],
      [
        0.0,
        0.0,
        1.0
      ]
    ],
    [
      [
        957.5806884765625,
        0.0,
        512.0
      ],
      [
        0.0,
        957.5806884765625,
        512.0
      ],
      [
        0.0,
        0.0,
        1.0
      ]
    ],
    [
      [
        957.5806884765625,
        0.0,
        512.0
      ],
      [
        0.0,
        957.5806884765625,
        512.0
      ],
      [
        0.0,
        0.0,
        1.0
      ]
    ],
    [
      [
        957.5806884765625,
        0.0,
        512.0
      ],
      [
        0.0,
        957.5806884765625,
        512.0
      ],
      [
        0.0,
        0.0,
        1.0
      ]
    ],
    [
      [
        957.5806884765625,
        0.0,
        512.0
      ],
      [
        0.0,
        957.5806884765625,
        512.0
      ],
      [
        0.0,
        0.0,
        1.0
      ]
    ],
    [
      [
        957.5806884765625,
        0.0,
        512.0
      ],
      [
        0.0,
        957.5806884765625,
        512.0
      ],
      [
        0.0,
        0.0,
        1.0
      ]
    ],
    [
      [
        957.5806884765625,
        0.0,
        512.0
      ],
      [
        0.0,
        957.5806884765625,
        512.0
      ],
      [
        0.0,
        0.0,
        1.0
      ]
    ],
    [
      [
        957.5806884765625,
        0.0,
        512.0
      ],
      [
        0.0,
        957.5806884765625,
        512.0
      ],
      [
        0.0,
        0.0,
        1.0
      ]
    ],
    [
      [
        957.5806884765625,
        0.0,
        512.0
      ],
      [
        0.0,
        957.5806884765625,
        512.0
      ],
      [
        0.0,
        0.0,
        1.0
      ]
    ],
    [
      [
        957.5806884765625,
        0.0,
        512.0
      ],
      [
        0.0,
        957.5806884765625,
        512.0
      ],
      [
        0.0,
        0.0,
        1.0
      ]
    ],
    [
      [
        957.5806884765625,
        0.0,
        512.0
      ],
      [
        0.0,
        957.5806884765625,
        512.0
      ],
      [
        0.0,
        0.0,
        1.0
      ]
    ],
    [
      [
        957.5806884765625,
        0.0,
        512.0
      ],
      [
        0.0,
        957.5806884765625,
        512.0
      ],
      [
        0.0,
        0.0,
        1.0
      ]
    ],
    [
      [
        957.5806884765625,
        0.0,
        512.0
      ],
      [
        0.0,
        957.5806884765625,
        512.0
      ],
      [
        0.0,
        0.0,
        1.0
      ]
    ],
    [
      [
        957.5806884765625,
        0.0,
        512.0
      ],
      [
        0.0,
        957.5806884765625,
        512.0
      ],
      [
        0.0,
        0.0,
        1.0
      ]
    ],
    [
      [
        957.5806884765625,
        0.0,
        512.0
      ],
      [
        0.0,
        957.5806884765625,
        512.0
      ],
      [
        0.0,
        0.0,
        1.0
      ]
    ],
    [
      [
        957.5806884765625,
        0.0,
        512.0
      ],
      [
        0.0,
        957.5806884765625,
        512.0
      ],
      [
        0.0,
        0.0,
        1.0
      ]
    ],
    [
      [
        957.5806884765625,
        0.0,
        512.0
      ],
      [
        0.0,
        957.5806884765625,
        512.0
      ],
      [
        0.0,
        0.0,
        1.0
      ]
    ],
    [
      [
        957.5806884765625,
        0.0,
        512.0
      ],
      [
        0.0,
        957.5806884765625,
        512.0
      ],
      [
        0.0,
        0.0,
        1.0
      ]
    ],
    [
      [
        957.5806884765625,
        0.0,
        512.0
      ],
      [
        0.0,
        957.5806884765625,
        512.0
      ],
      [
        0.0,
        0.0,
        1.0
      ]
    ],
    [
      [
