{
  "id": 9,
  "type": "reconstruct",
  "width": 832,
  "height": 480,
  "intrinsic": [
    [
      [
        240.17770385742188,
        0.0,
        416.0
      ],
      [
        0.0,
        240.0,
        240.0
      ],
      [
        0.0,
        0.0,
        1.0
      ]
    ],
    [
      [
        240.17770385742188,
        0.0,
        416.0
      ],
      [
        0.0,
        240.0,
        240.0
      ],
      [
        0.0,
        0.0,
        1.0
      ]
    ],
    [
      [
        240.17770385742188,
        0.0,
        416.0
      ],
      [
        0.0,
        240.0,
        240.0
      ],
      [
        0.0,
        0.0,
        1.0
      ]
    ],
    [
      [
        240.17770385742188,
        0.0,
        416.0
      ],
      [
        0.0,
        240.0,
        240.0
      ],
      [
        0.0,
        0.0,
        1.0
      ]
    ],
    [
      [
        240.17770385742188,
        0.0,
        416.0
      ],
      [
        0.0,
        240.0,
        240.0
      ],
      [
        0.0,
        0.0,
        1.0
      ]
    ],
    [
      [
        240.17770385742188,
        0.0,
        416.0
      ],
      [
        0.0,
        240.0,
        240.0
      ],
      [
        0.0,
        0.0,
        1.0
      ]
    ],
    [
      [
        240.17770385742188,
        0.0,
        416.0
      ],
      [
        0.0,
        240.0,
        240.0
      ],
      [
        0.0,
        0.0,
        1.0
      ]
    ],
    [
      [
        240.17770385742188,
        0.0,
        416.0
      ],
      [
        0.0,
        240.0,
        240.0
      ],
      [
        0.0,
        0.0,
        1.0
      ]
    ],
    [
      [
        240.17770385742188,
        0.0,
        416.0
      ],
      [
        0.0,
        240.0,
        240.0
      ],
      [
        0.0,
        0.0,
        1.0
      ]
    ],
    [
      [
        240.17770385742188,
        0.0,
        416.0
      ],
      [
        0.0,
        240.0,
        240.0
      ],
      [
        0.0,
        0.0,
        1.0
      ]
    ],
    [
      [
        240.17770385742188,
        0.0,
        416.0
      ],
      [
        0.0,
        240.0,
        240.0
      ],
      [
        0.0,
        0.0,
        1.0
      ]
    ],
    [
      [
        240.17770385742188,
        0.0,
        416.0
      ],
      [
        0.0,
        240.0,
        240.0
      ],
      [
        0.0,
        0.0,
        1.0
      ]
    ],
    [
      [
        240.17770385742188,
        0.0,
        416.0
      ],
      [
        0.0,
        240.0,
        240.0
      ],
      [
        0.0,
        0.0,
        1.0
      ]
    ],
    [
      [
        240.17770385742188,
        0.0,
        416.0
      ],
      [
        0.0,
        240.0,
        240.0
      ],
      [
        0.0,
        0.0,
        1.0
      ]
    ],
    [
      [
        240.17770385742188,
        0.0,
        416.0
      ],
      [
        0.0,
        240.0,
        240.0
      ],
      [
        0.0,
        0.0,
        1.0
      ]
    ],
    [
      [
        240.17770385742188,
        0.0,
        416.0
      ],
      [
        0.0,
        240.0,
        240.0
      ],
      [
        0.0,
        0.0,
        1.0
      ]
    ],
    [
      [
        240.17770385742188,
        0.0,
        416.0
      ],
      [
        0.0,
        240.0,
        240.0
      ],
      [
        0.0,
        0.0,
        1.0
      ]
    ],
    [
      [
        240.17770385742188,
        0.0,
        416.0
      ],
      [
        0.0,
        240.0,
        240.0
      ],
      [
        0.0,
        0.0,
        1.0
      ]
    ],
    [
      [
        240.17770385742188,
        0.0,
        416.0
      ],
      [
        0.0,
        240.0,
        240.0
      ],
      [
        0.0,
        0.0,
        1.0
      ]
    ],
    [
      [
        240.17770385742188,
        0.0,
        416.0
      ],
      [
        0.0,
        240.0,
        240.0
      ],
      [
        0.0,
        0.0,
        1.0
      ]
    ],
    [
      [
        240.17770385742188,
        0.0,
        416.0
      ],
      [
        0.0,
        240.0,
        240.0
      ],
      [
        0.0,
        0.0,
        1.0
      ]
    ]
  ],
  "extrinsic": [
    [
      [
        0.8378537113807095,
        -0.5458948235013504,
        -2.713460131709164e-17,
        0.0
      ],
      [
        -0.22771707383659032,
        -0.34950614522225865,
        -0.9088401337612563,
        -0.0
      ],
      [
        0.49613112441054474,
        0.761475079123609,
        -0.4171445927551042,
        0.0
      ],
      [
        0.0,
        0.0,
        0.0,
        1.0
      ]
    ],
    [
      [
        0.8565143566397646,
        -0.5161231993138561,
        7.324815724211068e-17,
        -0.029339838373580642
      ],
      [
        -0.2219949713848612,
        -0.36840405613571636,
        -0.9027716677557988,
        0.012941023228930353
      ],
      [
        0.46594140141202844,
        0.7732368942004654,
        -0.4301201179873053,
        -0.027161689570616182
      ],
      [
        0.0,
        0.0,
        0.0,
        1.0
      ]
    ],
    [
      [
        0.8760244579292148,
        -0.4822666784154027,
        -3.454199168170454e-17,
        -0.06192530527970558
      ],
      [
        -0.2135795789599682,
        -0.38796156412447763,
        -0.8965877470796552,
        0.025159958904772958
      ],
      [
        0.4323943946920545,
        0.7854327951214308,
        -0.44286613303189987,
        -0.05093663567501158
      ],
      [
        0.0,
        0.0,
        0.0,
        1.0
      ]
    ],
    [
      [
        0.895985522548541,
        -0.44408326176902646,
        -3.346886295089595e-17,
        -0.09774406104543527
      ],
      [
        -0.20213398412751604,
        -0.4078269527021899,
        -0.8904038573087958,
        0.03621282873019033
      ],
      [
        0.39541344924541294,
        0.7977889653700581,
        -0.4551713643119667,
        -0.0708393473613264
      ],
      [
        0.0,
        0.0,
        0.0,
        1.0
      ]
    ],
    [
      [
        0.9158952234569596,
        -0.401417413235557,
        -1.2936303149299733e-17,
        -0.13667592588411107
      ],
      [
        -0.18738188665157113,
        -0.427540433692689,
        -0.8843625987753921,
        0.04559727235149703
      ],
      [
        0.3549985467626927,
        0.8099834800223653,
        -0.46680059328072293,
        -0.08638489936448951
      ],
      [
        0.0,
        0.0,
        0.0,
        1.0
      ]
    ],
    [
      [
        0.9351556158288921,
        -0.35423717222178364,
        5.3913159149094934e-17,
        -0.17847065676279514
      ],
      [
        -0.1691491711317991,
        -0.44653923896408343,
        -0.8786303352211341,
        0.05277634813290255
      ],
      [
        0.31124352537701244,
        0.8216560922196657,
        -0.47750260107060927,
        -0.09711130441549679
      ],
      [
        0.0,
        0.0,
        0.0,
        1.0
      ]
    ],
    [
      [
        0.9530949247521402,
        -0.302671545427898,
        8.615611614520892e-18,
        -0.22273171614855397
      ],
      [
        -0.14740768900827644,
        -0.4641781574300592,
        -0.8733897247999168,
        0.05721572722530386
      ],
      [
        0.2643502177660373,
        0.832423314037469,
        -0.4870219590674794,
        -0.10260651973725769
      ],
      [
        0.0,
        0.0,
        0.0,
        1.0
      ]
    ],
    [
      [
        0.9690051597700616,
        -0.24704048319859925,
        3.768909309716976e-18,
        -0.2689124451508555
      ],
      [
        -0.12231306421164144,
        -0.47976748099656996,
        -0.8688283366127996,
        0.05843184517837596
      ],
      [
        0.21463577209346127,
        0.8418991411322428,
        -0.49511344305990657,
        -0.10253658744911602
      ],
      [
        0.0,
        0.0,
        0.0,
        1.0
      ]
    ],
    [
      [
        0.9821937724396779,
        -0.18787068260033038,
        -1.3117514549827363e-17,
        -0.3163285565418913
      ],
      [
        -0.09422816333317836,
        -0.4926277689167976,
        -0.8651236527381008,
        0.05604667191053567
      ],
      [
        0.1625313711735982,
        0.8497190641096292,
        -0.501558636126511,
        -0.09667324622604305
      ],
      [
        0.0,
        0.0,
        0.0,
        1.0
      ]
    ],
    [
      [
        0.992044323732469,
        -0.12588907716791156,
        -1.3182284767546607e-17,
        -0.3641903489011088
      ],
      [
        -0.06372284300565006,
        -0.5021554380888242,
        -0.8624264115141062,
        0.04983987745700331
      ],
      [
        0.10857006507074433,
        0.8555652261795315,
        -0.5061824618879062,
        -0.08491646768090666
      ],
      [
        0.0,
        0.0,
        0.0,
        1.0
      ]
    ],
    [
      [
        0.9980767801101548,
        -0.061989845982592384,
        7.522165130079462e-18,
        -0.41165328098967136
      ],
      [
        -0.031544611813279284,
        -0.5078887370887109,
        -0.8608449153035542,
        0.039787636261342886
      ],
      [
        0.053363643714565125,
        0.8591893212403706,
        -0.5088674009955995,
        -0.06730826989607169
      ],
      [
        0.0,
        0.0,
        0.0,
        1.0
      ]
    ],
    [
      [
        0.9999960134186093,
        0.0028236761303086877,
        8.969971592719486e-20,
        -0.45788073079674174
      ],
      [
        0.0014388412883408132,
        -0.509561113202318,
        -0.860433263912874,
        0.026078278829012966
      ],
      [
        -0.002429584869034378,
        0.860429833725636,
        -0.5095631446172678,
        -0.04403501078738974
      ],
      [
        0.0,
        0.0,
        0.0,
        1.0
      ]
    ],
    [
      [
        0.9977183068620102,
        0.06751429591133735,
        2.778917218988413e-18,
        -0.5021087681500972
      ],
      [
        0.0343168462141583,
        -0.5071303083216259,
        -0.8611859290812446,
        0.00909953529634116
      ],
      [
        -0.05814236165067114,
        0.8592209670563266,
        -0.5082900702871084,
        -0.015417164757833543
      ],
      [
        0.0,
        0.0,
        0.0,
        1.0
      ]
    ],
    [
      [
        0.9913703773810764,
        0.13109071229992733,
        -1.2204259213817113e-17,
        -0.5437015135284033
      ],
      [
        0.06621863797619333,
        -0.5007768664031895,
        -0.8630397569405361,
        -0.01060106493542335
      ],
      [
        -0.11313649648049103,
        0.8555920495330117,
        -0.5051359994496731,
        0.018112232181325936
      ],
      [
        0.0,
        0.0,
        0.0,
        1.0
      ]
    ],
    [
      [
        0.9812620709443021,
        0.1926778350669833,
        1.8072169499184925e-17,
        -0.5821878942523548
      ],
      [
        0.09638649263783441,
        -0.4908733240851434,
        -0.8658828002325594,
        -0.03237448045839458
      ],
      [
        -0.16683642337054677,
        0.8496579497512526,
        -0.500246915294259,
        0.05603733863885894
      ],
      [
        0.0,
        0.0,
        0.0,
        1.0
      ]
    ],
    [
      [
        0.9678399273664204,
        0.25156684001545615,
        5.512505969503842e-18,
        -0.6172754998795078
      ],
      [
        0.12422705877586178,
        -0.4779322566328182,
        -0.8695679363556136,
        -0.055535134547247386
      ],
      [
        -0.21875445792774298,
        0.8416025683625851,
        -0.49381332916623405,
        0.09779317302960994
      ],
      [
        0.0,
        0.0,
        0.0,
        1.0
      ]
    ],
    [
      [
        0.9516320843087149,
        0.30723993248640513,
        2.3537029201226452e-17,
        -0.6488427915243136
      ],
      [
        0.14933535786395993,
        -0.4625450758141807,
        -0.87392848891182,
        -0.07942067063875655
      ],
      [
        -0.26850572993121363,
        0.8316583894399209,
        -0.4860545198517376,
        0.1427987681317387
      ],
      [
        0.0,
        0.0,
        0.0,
        1.0
      ]
    ],
    [
      [
        0.9331948032468578,
        0.35937092146285093,
        -6.289516119826556e-18,
        -0.6769151244097817
      ],
      [
        0.1714928282483671,
        -0.4453232205433889,
        -0.8787931719717902,
        -0.1034379401820762
      ],
      [
        -0.3158127119867639,
        0.8200852212128967,
        -0.4772028508881309,
        0.1904861955155095
      ],
      [
        0.0,
        0.0,
        0.0,
        1.0
      ]
    ],
    [
      [
        0.9130680925208551,
        0.4078071338516864,
        2.7433814088777638e-17,
        -0.7016318608609345
      ],
      [
        0.19064572817242723,
        -0.42685013801880983,
        -0.8839983970590264,
        -0.12709147459969056
      ],
      [
        -0.36050085263412657,
        0.8071507301941787,
        -0.46748992930016364,
        0.24032316587906247
      ],
      [
        0.0,
        0.0,
        0.0,
        1.0
      ]
    ],
    [
      [
        0.8917440421072099,
        0.45254012348773565,
        -7.095657826499102e-17,
        -0.7232114379035546
      ],
      [
        0.20687226213754528,
        -0.40764806845551776,
        -0.8893969414398613,
        -0.14999506271070315
      ],
      [
        -0.4024878017088092,
        0.7931144235973713,
        -0.4571357353756319,
        0.29182831199219106
      ],
      [
        0.0,
        0.0,
        0.0,
        1.0
      ]
    ],
    [
      [
        0.8696482591599292,
        0.4936718599840429,
        -4.704967096019386e-18,
        -0.7419192446698779
      ],
      [
        0.22034594430872304,
        -0.3881595902331269,
        -0.8948630047871842,
        -0.17186989975646497
      ],
      [
        -0.4417686840041987,
        0.7782160542997982,
        -0.44634090408929794,
        0.34457970022342416
      ],
      [
        0.0,
        0.0,
        0.0,
        1.0
      ]
    ]
  ]
}