{
  "extrinsic": [
    [
      [
        0.8660254115562508,
        -0.500000013461174,
        0.0,
        0.0
      ],
      [
        -0.0,
        -0.0,
        -1.0,
        -0.0
      ],
      [
        0.500000013461174,
        0.866025411556251,
        0.0,
        0.0
      ],
      [
        0.0,
        0.0,
        0.0,
        1.0
      ]
    ],
    [
      [
        0.8660254085420981,
        -0.5000000186818395,
        1.934473011751823e-09,
        -1.502314875523533e-10
      ],
      [
        -0.04357787190667121,
        -0.07547908687336682,
        -0.9961946756674018,
        0.0683353217113869
      ],
      [
        0.4980973565904623,
        0.8627299132459568,
        -0.08715574389473865,
        0.0029835994266093637
      ],
      [
        0.0,
        0.0,
        0.0,
        1.0
      ]
    ],
    [
      [
        0.8660254115381097,
        -0.5000000134925949,
        -2.789811273104341e-09,
        5.795667440376284e-10
      ],
      [
        -0.08682409558724093,
        -0.15038374217919578,
        -0.9848077754263973,
        0.13615058649976375
      ],
      [
        0.4924039005812688,
        0.8528685583443693,
        -0.17364818172986807,
        0.011911634494300924
      ],
      [
        0.0,
        0.0,
        0.0,
        1.0
      ]
    ],
    [
      [
        0.8660254077216059,
        -0.5000000201029736,
        2.042060850032554e-09,
        1.2968452357415957e-10
      ],
      [
        -0.12940953051136425,
        -0.22414387780633144,
        -0.9659258378568102,
        0.20292965824668535
      ],
      [
        0.4829629388041021,
        0.8365163331674943,
        -0.2588190540330978,
        0.026716158951924567
      ],
      [
        0.0,
        0.0,
        0.0,
        1.0
      ]
    ],
    [
      [
        0.8660254085432777,
        -0.5000000186797962,
        -1.531102408065364e-09,
        -1.8641840339103943e-10
      ],
      [
        -0.17101008352940003,
        -0.2961981479632855,
        -0.9396926181437953,
        0.26816430652406487
      ],
      [
        0.46984632617165456,
        0.8137976940726548,
        -0.3420201517890514,
        0.04728460545506142
      ],
      [
        0.0,
        0.0,
        0.0,
        1.0
      ]
    ],
    [
      [
        0.8660254128136153,
        -0.5000000112833546,
        -2.4786393898703746e-09,
        -3.756778754794886e-10
      ],
      [
        -0.2113091269805919,
        -0.36599813746438925,
        -0.9063077636428621,
        0.33135802310743623
      ],
      [
        0.4531538911404456,
        0.7848855490154801,
        -0.4226182405331843,
        0.07346033322548612
      ],
      [
        0.0,
        0.0,
        0.0,
        1.0
      ]
    ],
    [
      [
        0.8660254173851101,
        -0.5000000033652935,
        -6.730587010224437e-09,
        1.8337701012608559e-09
      ],
      [
        -0.2500000084132337,
        -0.43301270869255515,
        -0.8660254173851103,
        0.3920299831348998
      ],
      [
        0.43301270869255515,
        0.7499999983173533,
        -0.5000000033652935,
        0.10504410507576335
      ],
      [
        0.0,
        0.0,
        0.0,
        1.0
      ]
    ],
    [
      [
        0.8660254135562327,
        -0.5000000099971035,
        -8.892868461239493e-09,
        4.236769787520788e-09
      ],
      [
        -0.28678822025072714,
        -0.4967317595710562,
        -0.8191520355651306,
        0.44971831678417856
      ],
      [
        0.4095760215543428,
        0.7094064661614556,
        -0.5735764164159318,
        0.14179564370133096
      ],
      [
        0.0,
        0.0,
        0.0,
        1.0
      ]
    ],
    [
      [
        0.866025416048689,
        -0.5000000056800429,
        2.8273330443879776e-09,
        -5.907975407217137e-09
      ],
      [
        -0.3213938132975778,
        -0.5566704038784612,
        -0.7660444156296949,
        0.5039840264279905
      ],
      [
        0.3830222137399052,
        0.6634139227179151,
        -0.6427876230444174,
        0.18343519282751758
      ],
      [
        0.0,
        0.0,
        0.0,
        1.0
      ]
    ],
    [
      [
        0.8660254059531292,
        -0.500000023166065,
        -2.3877501719777046e-19,
        3.936291734349339e-09
      ],
      [
        -0.3535534130249644,
        -0.6123724635576194,
        -0.7071067932881648,
        0.5544141159906858
      ],
      [
        0.35355341302496435,
        0.6123724635576194,
        -0.7071067932881648,
        0.2296458276185158
      ],
      [
        0.0,
        0.0,
        0.0,
        1.0
      ]
    ],
    [
      [
        0.9096319997154635,
        -0.41541503585690653,
        8.76006937764388e-18,
        -0.07452963186303865
      ],
      [
        -0.2937427923820151,
        -0.6432069821673622,
        -0.7071067932881648,
        0.5519036859133404
      ],
      [
        0.29374279238201506,
        0.6432069821673622,
        -0.7071067932881648,
        0.23215625769586118
      ],
      [
        0.0,
        0.0,
        0.0,
        1.0
      ]
    ],
    [
      [
        0.9450008252283746,
        -0.32706798565441825,
        2.605759073616953e-17,
        -0.1483843158179623
      ],
      [
        -0.23127199152405745,
        -0.6682165187435322,
        -0.7071067932881647,
        0.5443951305393683
      ],
      [
        0.23127199152405753,
        0.6682165187435322,
        -0.7071067932881648,
        0.23966481306983323
      ],
      [
        0.0,
        0.0,
        0.0,
        1.0
      ]
    ],
    [
      [
        0.9718115769310197,
        -0.23575895712611314,
        -5.267716031404692e-18,
        -0.22089520847390257
      ],
      [
        -0.16670675569750432,
        -0.687174583050073,
        -0.7071067932881648,
        0.5319564485089652
      ],
      [
        0.16670675569750432,
        0.687174583050073,
        -0.7071067932881648,
        0.2521034951002364
      ],
      [
        0.0,
        0.0,
        0.0,
        1.0
      ]
    ],
    [
      [
        0.9898214525042323,
        -0.14231485897389612,
        -1.3575011774215547e-17,
        -0.291405639958378
      ],
      [
        -0.10063179767617464,
        -0.6999094879208956,
        -0.707106793288165,
        0.5147002864527757
      ],
      [
        0.10063179767617467,
        0.6999094879208957,
        -0.7071067932881648,
        0.26935965715642607
      ],
      [
        0.0,
        0.0,
        0.0,
        1.0
      ]
    ],
    [
      [
        0.9988673517259224,
        -0.047581935420810594,
        -2.4278862507901353e-18,
        -0.35927705688505435
      ],
      [
        -0.03364550251187034,
        -0.7063059040854414,
        -0.707106793288165,
        0.4927829188465632
      ],
      [
        0.03364550251187034,
        0.7063059040854414,
        -0.7071067932881648,
        0.29127702476263834
      ],
      [
        0.0,
        0.0,
        0.0,
        1.0
      ]
    ],
    [
      [
        0.9988673535319471,
        0.047581897507690846,
        -2.4170331237516212e-18,
        -0.42389480519209505
      ],
      [
        0.03364549153331647,
        -0.7063059046084144,
        -0.7071067932881647,
        0.46640283276535843
      ],
      [
        -0.03364549153331647,
        0.7063059046084144,
        -0.7071067932881648,
        0.3176571108438431
      ],
      [
        0.0,
        0.0,
        0.0,
        1.0
      ]
    ],
    [
      [
        0.9898214579059499,
        0.14231482140412355,
        -1.1298407760660791e-17,
        -0.4846736965445257
      ],
      [
        0.10063178679704435,
        -0.6999094894850785,
        -0.7071067932881647,
        0.4357989303537698
      ],
      [
        -0.10063178679704435,
        0.6999094894850785,
        -0.7071067932881648,
        0.3482610132554318
      ],
      [
        0.0,
        0.0,
        0.0,
        1.0
      ]
    ],
    [
      [
        0.9718115858795121,
        0.2357589202399254,
        1.900830435781118e-17,
        -0.5410633078904145
      ],
      [
        0.1667067450163206,
        -0.6871745856413002,
        -0.707106793288165,
        0.40124836529116836
      ],
      [
        -0.16670674501632055,
        0.6871745856413002,
        -0.7071067932881648,
        0.3828115783180333
      ],
      [
        0.0,
        0.0,
        0.0,
        1.0
      ]
    ],
    [
      [
        0.9450008376426028,
        0.32706794978586234,
        -6.598098891833212e-18,
        -0.5925529661772655
      ],
      [
        0.2312719811375508,
        -0.6682165223383372,
        -0.7071067932881648,
        0.36306403284504835
      ],
      [
        -0.23127198113755082,
        0.6682165223383372,
        -0.7071067932881648,
        0.42099591076415327
      ],
      [
        0.0,
        0.0,
        0.0,
        1.0
      ]
    ],
    [
      [
        0.9096320154830018,
        0.41541500133081344,
        4.2653139665526694e-19,
        -0.638676373086262
      ],
      [
        0.29374278238424717,
        -0.6432069867331898,
        -0.7071067932881648,
        0.32159173624303194
      ],
      [
        -0.29374278238424717,
        0.6432069867331898,
        -0.7071067932881648,
        0.4624682073661697
      ],
      [
        0.0,
        0.0,
        0.0,
        1.0
      ]
    ],
    [
      [
        0.8660254249311848,
        0.49999999029510844,
        -6.7316593831551306e-18,
        -0.6790158279020507
      ],
      [
        0.35355340350647657,
        -0.6123724690531209,
        -0.7071067932881648,
        0.2772070550252911
      ],
      [
        -0.3535534035064766,
        0.612372469053121,
        -0.7071067932881648,
        0.5068528885839105
      ],
      [
        0.0,
        0.0,
        0.0,
        1.0
      ]
    ]
  ],
  "intrinsic": [
    [
      [
        240.17770385742188,
        0.0,
        416.0
      ],
      [
        0.0,
        240.0,
        240.0
      ],
      [
        0.0,
        0.0,
        1.0
      ]
    ],
    [
      [
        240.17770385742188,
        0.0,
        416.0
      ],
      [
        0.0,
        240.0,
        240.0
      ],
      [
        0.0,
        0.0,
        1.0
      ]
    ],
    [
      [
        240.17770385742188,
        0.0,
        416.0
      ],
      [
        0.0,
        240.0,
        240.0
      ],
      [
        0.0,
        0.0,
        1.0
      ]
    ],
    [
      [
        240.17770385742188,
        0.0,
        416.0
      ],
      [
        0.0,
        240.0,
        240.0
      ],
      [
        0.0,
        0.0,
        1.0
      ]
    ],
    [
      [
        240.17770385742188,
        0.0,
        416.0
      ],
      [
        0.0,
        240.0,
        240.0
      ],
      [
        0.0,
        0.0,
        1.0
      ]
    ],
    [
      [
        240.17770385742188,
        0.0,
        416.0
      ],
      [
        0.0,
        240.0,
        240.0
      ],
      [
        0.0,
        0.0,
        1.0
      ]
    ],
    [
      [
        240.17770385742188,
        0.0,
        416.0
      ],
      [
        0.0,
        240.0,
        240.0
      ],
      [
        0.0,
        0.0,
        1.0
      ]
    ],
    [
      [
        240.17770385742188,
        0.0,
        416.0
      ],
      [
        0.0,
        240.0,
        240.0
      ],
      [
        0.0,
        0.0,
        1.0
      ]
    ],
    [
      [
        240.17770385742188,
        0.0,
        416.0
      ],
      [
        0.0,
        240.0,
        240.0
      ],
      [
        0.0,
        0.0,
        1.0
      ]
    ],
    [
      [
        240.17770385742188,
        0.0,
        416.0
      ],
      [
        0.0,
        240.0,
        240.0
      ],
      [
        0.0,
        0.0,
        1.0
      ]
    ],
    [
      [
        240.17770385742188,
        0.0,
        416.0
      ],
      [
        0.0,
        240.0,
        240.0
      ],
      [
        0.0,
        0.0,
        1.0
      ]
    ],
    [
      [
        240.17770385742188,
        0.0,
        416.0
      ],
      [
        0.0,
        240.0,
        240.0
      ],
      [
        0.0,
        0.0,
        1.0
      ]
    ],
    [
      [
        240.17770385742188,
        0.0,
        416.0
      ],
      [
        0.0,
        240.0,
        240.0
      ],
      [
        0.0,
        0.0,
        1.0
      ]
    ],
    [
      [
        240.17770385742188,
        0.0,
        416.0
      ],
      [
        0.0,
        240.0,
        240.0
      ],
      [
        0.0,
        0.0,
        1.0
      ]
    ],
    [
      [
        240.17770385742188,
        0.0,
        416.0
      ],
      [
        0.0,
        240.0,
        240.0
      ],
      [
        0.0,
        0.0,
        1.0
      ]
    ],
    [
      [
        240.17770385742188,
        0.0,
        416.0
      ],
      [
        0.0,
        240.0,
        240.0
      ],
      [
        0.0,
        0.0,
        1.0
      ]
    ],
    [
      [
        240.17770385742188,
        0.0,
        416.0
      ],
      [
        0.0,
        240.0,
        240.0
      ],
      [
        0.0,
        0.0,
        1.0
      ]
    ],
    [
      [
        240.17770385742188,
        0.0,
        416.0
      ],
      [
        0.0,
        240.0,
        240.0
      ],
      [
        0.0,
        0.0,
        1.0
      ]
    ],
    [
      [
        240.17770385742188,
        0.0,
        416.0
      ],
      [
        0.0,
        240.0,
        240.0
      ],
      [
        0.0,
        0.0,
        1.0
      ]
    ],
    [
      [
        240.17770385742188,
        0.0,
        416.0
      ],
      [
        0.0,
        240.0,
        240.0
      ],
      [
        0.0,
        0.0,
        1.0
      ]
    ],
    [
      [
        240.17770385742188,
        0.0,
        416.0
      ],
      [
        0.0,
        240.0,
        240.0
      ],
      [
        0.0,
        0.0,
        1.0
      ]
    ]
  ],
  "width": 832,
  "height": 480,
  "type": "up-right-aerial",
  "rotation_deg": 105.0
}