{
  "id": 3,
  "type": "surround",
  "width": 832,
  "height": 480,
  "intrinsic": [
    [
      [
        240.17770385742188,
        0.0,
        416.0
      ],
      [
        0.0,
        240.0,
        240.0
      ],
      [
        0.0,
        0.0,
        1.0
      ]
    ],
    [
      [
        240.17770385742188,
        0.0,
        416.0
      ],
      [
        0.0,
        240.0,
        240.0
      ],
      [
        0.0,
        0.0,
        1.0
      ]
    ],
    [
      [
        240.17770385742188,
        0.0,
        416.0
      ],
      [
        0.0,
        240.0,
        240.0
      ],
      [
        0.0,
        0.0,
        1.0
      ]
    ],
    [
      [
        240.17770385742188,
        0.0,
        416.0
      ],
      [
        0.0,
        240.0,
        240.0
      ],
      [
        0.0,
        0.0,
        1.0
      ]
    ],
    [
      [
        240.17770385742188,
        0.0,
        416.0
      ],
      [
        0.0,
        240.0,
        240.0
      ],
      [
        0.0,
        0.0,
        1.0
      ]
    ],
    [
      [
        240.17770385742188,
        0.0,
        416.0
      ],
      [
        0.0,
        240.0,
        240.0
      ],
      [
        0.0,
        0.0,
        1.0
      ]
    ],
    [
      [
        240.17770385742188,
        0.0,
        416.0
      ],
      [
        0.0,
        240.0,
        240.0
      ],
      [
        0.0,
        0.0,
        1.0
      ]
    ],
    [
      [
        240.17770385742188,
        0.0,
        416.0
      ],
      [
        0.0,
        240.0,
        240.0
      ],
      [
        0.0,
        0.0,
        1.0
      ]
    ],
    [
      [
        240.17770385742188,
        0.0,
        416.0
      ],
      [
        0.0,
        240.0,
        240.0
      ],
      [
        0.0,
        0.0,
        1.0
      ]
    ],
    [
      [
        240.17770385742188,
        0.0,
        416.0
      ],
      [
        0.0,
        240.0,
        240.0
      ],
      [
        0.0,
        0.0,
        1.0
      ]
    ],
    [
      [
        240.17770385742188,
        0.0,
        416.0
      ],
      [
        0.0,
        240.0,
        240.0
      ],
      [
        0.0,
        0.0,
        1.0
      ]
    ],
    [
      [
        240.17770385742188,
        0.0,
        416.0
      ],
      [
        0.0,
        240.0,
        240.0
      ],
      [
        0.0,
        0.0,
        1.0
      ]
    ],
    [
      [
        240.17770385742188,
        0.0,
        416.0
      ],
      [
        0.0,
        240.0,
        240.0
      ],
      [
        0.0,
        0.0,
        1.0
      ]
    ],
    [
      [
        240.17770385742188,
        0.0,
        416.0
      ],
      [
        0.0,
        240.0,
        240.0
      ],
      [
        0.0,
        0.0,
        1.0
      ]
    ],
    [
      [
        240.17770385742188,
        0.0,
        416.0
      ],
      [
        0.0,
        240.0,
        240.0
      ],
      [
        0.0,
        0.0,
        1.0
      ]
    ],
    [
      [
        240.17770385742188,
        0.0,
        416.0
      ],
      [
        0.0,
        240.0,
        240.0
      ],
      [
        0.0,
        0.0,
        1.0
      ]
    ],
    [
      [
        240.17770385742188,
        0.0,
        416.0
      ],
      [
        0.0,
        240.0,
        240.0
      ],
      [
        0.0,
        0.0,
        1.0
      ]
    ],
    [
      [
        240.17770385742188,
        0.0,
        416.0
      ],
      [
        0.0,
        240.0,
        240.0
      ],
      [
        0.0,
        0.0,
        1.0
      ]
    ],
    [
      [
        240.17770385742188,
        0.0,
        416.0
      ],
      [
        0.0,
        240.0,
        240.0
      ],
      [
        0.0,
        0.0,
        1.0
      ]
    ],
    [
      [
        240.17770385742188,
        0.0,
        416.0
      ],
      [
        0.0,
        240.0,
        240.0
      ],
      [
        0.0,
        0.0,
        1.0
      ]
    ],
    [
      [
        240.17770385742188,
        0.0,
        416.0
      ],
      [
        0.0,
        240.0,
        240.0
      ],
      [
        0.0,
        0.0,
        1.0
      ]
    ]
  ],
  "extrinsic": [
    [
      [
        -0.354546037419166,
        0.9350385592853202,
        -2.0288820207792637e-18,
        0.0
      ],
      [
        0.14853850527829143,
        0.056322531223564405,
        -0.9873014154381942,
        -0.0
      ],
      [
        -0.9231648930716865,
        -0.3500438045819457,
        -0.15885816023654062,
        -0.0
      ],
      [
        0.0,
        0.0,
        0.0,
        1.0
      ]
    ],
    [
      [
        -0.3545460374191657,
        0.93503855928532,
        9.041662573977208e-17,
        -2.9667608391277998e-18
      ],
      [
        0.2205113167356281,
        0.08361303689385402,
        -0.9717940210008015,
        0.061011993266411726
      ],
      [
        -0.9086648813186775,
        -0.3445457193334718,
        -0.23583125481388917,
        0.0023971574227438625
      ],
      [
        0.0,
        0.0,
        0.0,
        1.0
      ]
    ],
    [
      [
        -0.35454603741916585,
        0.9350385592853201,
        1.472108315640304e-17,
        5.218558758066698e-18
      ],
      [
        0.32759568858688737,
        0.12421707330750023,
        -0.9366168819310283,
        0.15328454139026237
      ],
      [
        -0.8757728998830976,
        -0.3320738040685408,
        -0.35035527180534576,
        0.014659231033026947
      ],
      [
        0.0,
        0.0,
        0.0,
        1.0
      ]
    ],
    [
      [
        -0.3545460374191661,
        0.9350385592853201,
        1.3520973062507554e-16,
        -3.737830054132368e-17
      ],
      [
        0.4299780414727078,
        0.16303820764132199,
        -0.887996298810079,
        0.2433525422148847
      ],
      [
        -0.8303107798900731,
        -0.3148355689859993,
        -0.4598505988901183,
        0.0389399155974416
      ],
      [
        0.0,
        0.0,
        0.0,
        1.0
      ]
    ],
    [
      [
        -0.354546037419166,
        0.9350385592853203,
        -6.228452403771776e-17,
        4.095247811632432e-17
      ],
      [
        0.5261888554519748,
        0.19951923028416746,
        -0.8266301259601866,
        0.3299364455850555
      ],
      [
        -0.7729310420396557,
        -0.2930784355704902,
        -0.5627456217999798,
        0.07287806897945191
      ],
      [
        0.0,
        0.0,
        0.0,
        1.0
      ]
    ],
    [
      [
        -0.35454603741916607,
        0.9350385592853202,
        1.5176626700263163e-17,
        -1.3921272697064278e-17
      ],
      [
        0.6148471669148565,
        0.23313651023619925,
        -0.7533991829911025,
        0.411772451630248
      ],
      [
        -0.7044572866307381,
        -0.2671146949243326,
        -0.6575634350147055,
        0.11774706299659103
      ],
      [
        0.0,
        0.0,
        0.0,
        1.0
      ]
    ],
    [
      [
        -0.35454603741916607,
        0.9350385592853203,
        -1.7745194847653168e-17,
        -8.38271063187271e-18
      ],
      [
        0.6946804604559337,
        0.2634075376692753,
        -0.6693545599753102,
        0.48771374486352403
      ],
      [
        -0.6258723234103737,
        -0.23731700686769577,
        -0.7429431156153604,
        0.1713932050469579
      ],
      [
        0.0,
        0.0,
        0.0,
        1.0
      ]
    ],
    [
      [
        -0.3485790021584183,
        0.937279402569608,
        -2.7802880118163772e-05,
        0.01244142857342931
      ],
      [
        0.7605274717764751,
        0.2828267179522488,
        -0.5844715667041827,
        0.5633413846302716
      ],
      [
        -0.5478052974620857,
        -0.20375566036583576,
        -0.8114141895119641,
        0.21868521047240191
      ],
      [
        0.0,
        0.0,
        0.0,
        1.0
      ]
    ],
    [
      [
        -0.29105827395409595,
        0.9567053247997963,
        -5.160018108279059e-05,
        0.1358814300880273
      ],
      [
        0.7857341974977798,
        0.23901299008189575,
        -0.5705213067490396,
        0.6923898136615879
      ],
      [
        -0.5458084389649747,
        -0.16609549082328462,
        -0.8212827989692647,
        0.13597203740190447
      ],
      [
        0.0,
        0.0,
        0.0,
        1.0
      ]
    ],
    [
      [
        -0.24053336701286362,
        0.9706408696640468,
        -3.86170651369948e-05,
        0.24276514506296543
      ],
      [
        0.8094496157147373,
        0.200566796482025,
        -0.5518734273075685,
        0.8282346892584698
      ],
      [
        -0.5356631581252523,
        -0.13277523220375348,
        -0.8339278858153865,
        0.059491423210175975
      ],
      [
        0.0,
        0.0,
        0.0,
        1.0
      ]
    ],
    [
      [
        -0.2147227103664212,
        0.9766750520370053,
        -1.9529729786413293e-05,
        0.29665864452386137
      ],
      [
        0.8309567710480915,
        0.18267593404343305,
        -0.5254905781940231,
        0.9808245795542812
      ],
      [
        -0.5132299701909733,
        -0.11285098958304117,
        -0.8507994192804205,
        -0.01024709308347647
      ],
      [
        0.0,
        0.0,
        0.0,
        1.0
      ]
    ],
    [
      [
        -0.2379920560958709,
        0.9712670907300788,
        0.0001403566500200527,
        0.24949593805977816
      ],
      [
        0.8474274760944821,
        0.20771792452652516,
        -0.48858974261698274,
        1.1521768464415163
      ],
      [
        -0.4745802924641902,
        -0.11616153535108847,
        -0.8725136352570555,
        -0.06441747146583807
      ],
      [
        0.0,
        0.0,
        0.0,
        1.0
      ]
    ],
    [
      [
        -0.3254818033356859,
        0.9455482734890663,
        0.00024124509384123037,
        0.06429145328074813
      ],
      [
        0.8491719388886071,
        0.29241881592267016,
        -0.43977068376433065,
        1.323951973724791
      ],
      [
        -0.4158949553691574,
        -0.14293249664169744,
        -0.8981100642472823,
        -0.08408558096537798
      ],
      [
        0.0,
        0.0,
        0.0,
        1.0
      ]
    ],
    [
      [
        -0.4835201396071026,
        0.8753329339985546,
        0.0007274969484586657,
        -0.28695516319184317
      ],
      [
        0.809510508668171,
        0.4474767515638476,
        -0.38007537826813503,
        1.4443155531353131
      ],
      [
        -0.33301803397132607,
        -0.18318518353662971,
        -0.9249552300422567,
        -0.04590048208577694
      ],
      [
        0.0,
        0.0,
        0.0,
        1.0
      ]
    ],
    [
      [
        -0.694033705136553,
        0.7199423119035313,
        0.0005326025034004247,
        -0.8019948043642702
      ],
      [
        0.6824643439716178,
        0.6581396764682899,
        -0.3179537473683932,
        1.4101935688067542
      ],
      [
        -0.22925888279806644,
        -0.22030713513005662,
        -0.9481060757473129,
        0.06106719022156957
      ],
      [
        0.0,
        0.0,
        0.0,
        1.0
      ]
    ],
    [
      [
        -0.8990294035160585,
        0.43788808147326475,
        0.0003996463723124662,
        -1.397535802121197
      ],
      [
        0.42067351370366446,
        0.8639387882488103,
        -0.2768457422959393,
        1.0877673550026963
      ],
      [
        -0.12157272096063444,
        -0.2487243419185992,
        -0.9609142913160296,
        0.21333782745603205
      ],
      [
        0.0,
        0.0,
        0.0,
        1.0
      ]
    ],
    [
      [
        -0.9978435758603219,
        0.06563682495108702,
        -7.297003452167747e-05,
        -1.8563762169142937
      ],
      [
        0.06314896083203331,
        0.959717465285272,
        -0.27377836943821343,
        0.47462635868064945
      ],
      [
        -0.017899912293637125,
        -0.2731925951352871,
        -0.9617928046638355,
        0.39186680922581996
      ],
      [
        0.0,
        0.0,
        0.0,
        1.0
      ]
    ],
    [
      [
        -0.9562535805391763,
        -0.2925379887630991,
        -0.0007841150718524779,
        -2.0375639279411057
      ],
      [
        -0.27824354571308846,
        0.9103487573466528,
        -0.3063424052696813,
        -0.2303416903840094
      ],
      [
        0.0903306092917205,
        -0.292722846952277,
        -0.9519210660013468,
        0.6080995378312022
      ],
      [
        0.0,
        0.0,
        0.0,
        1.0
      ]
    ],
    [
      [
        -0.8169962943298842,
        -0.5766428973284561,
        -0.0001549576729162468,
        -1.9761661845952043
      ],
      [
        -0.5401220861981362,
        0.7653471199904945,
        -0.35001702519053085,
        -0.8702549147631695
      ],
      [
        0.20195342792884174,
        -0.28587891647146557,
        -0.9367433256046668,
        0.8664186705013676
      ],
      [
        0.0,
        0.0,
        0.0,
        1.0
      ]
    ],
    [
      [
        -0.6342779593452205,
        -0.7731048690147568,
        -0.0005760160919251932,
        -1.7712820133626914
      ],
      [
        -0.7111296234425876,
        0.5837236154979824,
        -0.39186911000022295,
        -1.3700132405149816
      ],
      [
        0.30329215115341523,
        -0.24814431731482156,
        -0.9200207980437695,
        1.135395859146422
      ],
      [
        0.0,
        0.0,
        0.0,
        1.0
      ]
    ],
    [
      [
        -0.43702113761733963,
        -0.8994512356296177,
        -3.1146287458590867e-09,
        -1.4843577482808854
      ],
      [
        -0.8123715791633349,
        0.39471128502301955,
        -0.42924983266525085,
        -1.7527915922791506
      ],
      [
        0.3860892936139456,
        -0.18759124766318472,
        -0.9031857954800074,
        1.3940510987246797
      ],
      [
        0.0,
        0.0,
        0.0,
        1.0
      ]
    ]
  ],
  "rotation_deg": 45.0,
  "max_xy_angle": 74.42161560058594
}