{
  "extrinsic": [
    [
      [
        1.0,
        0.0,
        0.0,
        0.0
      ],
      [
        0.0,
        0.9396926172367759,
        -0.34202015428106647,
        0.0
      ],
      [
        0.0,
        0.34202015428106647,
        0.9396926172367759,
        0.0
      ],
      [
        0.0,
        0.0,
        0.0,
        1.0
      ]
    ],
    [
      [
        1.0,
        0.0,
        0.0,
        0.0
      ],
      [
        0.0,
        0.8746196848033262,
        -0.4848096162481871,
        0.15277832553169732
      ],
      [
        0.0,
        0.4848096162481871,
        0.8746196848033262,
        0.06962516813864851
      ],
      [
        0.0,
        0.0,
        0.0,
        1.0
      ]
    ],
    [
      [
        1.0,
        0.0,
        0.0,
        0.0
      ],
      [
        0.0,
        0.7880107224090189,
        -0.6156614599810496,
        0.2927839828590939
      ],
      [
        0.0,
        0.6156614599810496,
        0.7880107224090189,
        0.1622928370472979
      ],
      [
        0.0,
        0.0,
        0.0,
        1.0
      ]
    ],
    [
      [
        1.0,
        0.0,
        0.0,
        0.0
      ],
      [
        -0.0,
        0.6819983623552915,
        -0.7313536897347143,
        0.41656950619361266
      ],
      [
        0.0,
        0.7313536897347145,
        0.6819983623552915,
        0.2757213337232364
      ],
      [
        0.0,
        0.0,
        0.0,
        1.0
      ]
    ],
    [
      [
        1.0,
        0.0,
        0.0,
        0.0
      ],
      [
        -0.0,
        0.5591929242215115,
        -0.8290375891157677,
        0.5210869015106371
      ],
      [
        0.0,
        0.8290375891157677,
        0.5591929242215115,
        0.40711773879693053
      ],
      [
        0.0,
        0.0,
        0.0,
        1.0
      ]
    ],
    [
      [
        1.0,
        0.0,
        0.0,
        0.0
      ],
      [
        -0.0,
        0.4226182709273235,
        -0.9063078229715388,
        0.6037626101658048
      ],
      [
        0.0,
        0.9063078229715387,
        0.4226182709273235,
        0.5532464752826532
      ],
      [
        0.0,
        0.0,
        0.0,
        1.0
      ]
    ],
    [
      [
        0.9902680687415704,
        -2.3487522991602952e-17,
        0.13917310096006544,
        -0.10654610176394186
      ],
      [
        0.12613367014731505,
        0.4226182709273236,
        -0.8974876975394026,
        0.5970102278779894
      ],
      [
        -0.05881709528733668,
        0.9063078229715387,
        0.4185053789661024,
        0.5563951627978514
      ],
      [
        0.0,
        0.0,
        0.0,
        1.0
      ]
    ],
    [
      [
        0.9612616959383188,
        1.428998448031556e-17,
        0.2756373558169991,
        -0.21101840485144294
      ],
      [
        0.24981229188013582,
        0.42261827092732346,
        -0.8711989949517869,
        0.5768845084550541
      ],
      [
        -0.1164893827183596,
        0.9063078229715387,
        0.40624675584611886,
        0.5657799397225415
      ],
      [
        0.0,
        0.0,
        0.0,
        1.0
      ]
    ],
    [
      [
        0.913545457642601,
        -5.329468835148758e-17,
        0.4067366430758003,
        -0.31138347471838873
      ],
      [
        0.3686286015087803,
        0.42261827092732357,
        -0.8279533949016037,
        0.5437771761329003
      ],
      [
        -0.17189433681947863,
        0.9063078229715387,
        0.38608100172242643,
        0.5812181420489096
      ],
      [
        0.0,
        0.0,
        0.0,
        1.0
      ]
    ],
    [
      [
        0.848048096156426,
        4.197061052773846e-18,
        0.5299192642332049,
        -0.4056878194433937
      ],
      [
        0.4802699747178755,
        0.42261827092732346,
        -0.7685926238026886,
        0.4983326274761461
      ],
      [
        -0.22395356318131654,
        0.9063078229715387,
        0.35840062006083734,
        0.6024092827293683
      ],
      [
        0.0,
        0.0,
        0.0,
        1.0
      ]
    ],
    [
      [
        0.766044443118978,
        3.3407415723889347e-18,
        0.6427876096865394,
        -0.4920959122259882
      ],
      [
        0.5825634391680867,
        0.42261827092732346,
        -0.6942720715426058,
        0.4414353889319873
      ],
      [
        -0.2716537881792325,
        0.9063078229715387,
        0.32374437800442696,
        0.6289409003151375
      ],
      [
        0.0,
        0.0,
        0.0,
        1.0
      ]
    ],
    [
      [
        0.6691306063588581,
        -2.6443427631773936e-17,
        0.7431448254773942,
        -0.5689259178279074
      ],
      [
        0.6735179689309811,
        0.4226182709273235,
        -0.6064383031327224,
        0.37419290052903637
      ],
      [
        -0.31406658119184394,
        0.9063078229715387,
        0.28278681988393223,
        0.6602965870491778
      ],
      [
        0.0,
        0.0,
        0.0,
        1.0
      ]
    ],
    [
      [
        0.5591929034707467,
        -1.9494680178344224e-17,
        0.8290375725550417,
        -0.6346824275829462
      ],
      [
        0.7513632375439689,
        0.4226182709273235,
        -0.5068009029657062,
        0.2979139608168596
      ],
      [
        -0.35036642544699725,
        0.9063078229715387,
        0.23632513797963672,
        0.6958660401557765
      ],
      [
        0.0,
        0.0,
        0.0,
        1.0
      ]
    ],
    [
      [
        0.4383711467890774,
        1.1209038427336247e-17,
        0.8987940462991669,
        -0.688085565825644
      ],
      [
        0.8145840754011785,
        0.42261827092732357,
        -0.39729919969994554,
        0.21408325259094715
      ],
      [
        -0.3798467857667267,
        0.9063078229715387,
        0.18526365608042783,
        0.7349569406898666
      ],
      [
        0.0,
        0.0,
        0.0,
        1.0
      ]
    ],
    [
      [
        0.3090169943749474,
        1.1202783671299813e-17,
        0.9510565162951534,
        -0.7280959012152759
      ],
      [
        0.8619499608063563,
        0.4226182709273235,
        -0.2800645194331668,
        0.1243324452308989
      ],
      [
        -0.40193386047082164,
        0.9063078229715387,
        0.13059622784989874,
        0.7768084287377923
      ],
      [
        0.0,
        0.0,
        0.0,
        1.0
      ]
    ],
    [
      [
        0.17364817766693041,
        -9.427494173107345e-19,
        0.9848077530122081,
        -0.7539346780845652
      ],
      [
        0.892538970677987,
        0.4226182709273235,
        -0.1573787018642907,
        0.030408436111947833
      ],
      [
        -0.416197749773842,
        0.9063078229715387,
        0.0733868925952788,
        0.8206059126900629
      ],
      [
        0.0,
        0.0,
        0.0,
        1.0
      ]
    ],
    [
      [
        0.03489949670250107,
        -3.453659994163264e-19,
        0.9993908270190955,
        -0.7650989740329235
      ],
      [
        0.9057557247334023,
        0.4226182709273235,
        -0.031629686879246145,
        -0.0658606507653825
      ],
      [
        -0.4223608232954381,
        0.9063078229715387,
        0.014749164952644835,
        0.865496924340447
      ],
      [
        0.0,
        0.0,
        0.0,
        1.0
      ]
    ],
    [
      [
        -0.10452846326765357,
        -1.062873945881622e-18,
        0.9945218953682733,
        -0.7613714887389151
      ],
      [
        0.9013429738887483,
        0.4226182709273235,
        0.09473496398266754,
        -0.16260104712948825
      ],
      [
        -0.4203031238199042,
        0.9063078229715387,
        -0.044175638408865986,
        0.9106077112099388
      ],
      [
        0.0,
        0.0,
        0.0,
        1.0
      ]
    ],
    [
      [
        -0.2419218955996678,
        -1.0459025675177842e-17,
        0.9702957262759965,
        -0.742824773463836
      ],
      [
        0.8793866073197864,
        0.42261827092732357,
        0.2192557065300828,
        -0.2579298112057116
      ],
      [
        -0.41006470212693324,
        0.9063078229715387,
        -0.10224061321779208,
        0.9550602431448836
      ],
      [
        0.0,
        0.0,
        0.0,
        1.0
      ]
    ],
    [
      [
        -0.37460659341591207,
        -1.3401508724239487e-17,
        0.9271838545667872,
        -0.7098198189239392
      ],
      [
        0.8403139807267849,
        0.4226182709273237,
        0.33950888614955954,
        -0.3499914770361712
      ],
      [
        -0.39184483744874676,
        0.9063078229715389,
        -0.15831559078740767,
        0.9979893021751726
      ],
      [
        0.0,
        0.0,
        0.0,
        1.0
      ]
    ],
    [
      [
        -0.4999999999999997,
        7.405685777544475e-18,
        0.8660254037844388,
        -0.6629990290167653
      ],
      [
        0.7848855983419224,
        0.4226182709273235,
        0.45315391148576917,
        -0.43699416901406984
      ],
      [
        -0.36599815872651664,
        0.9063078229715387,
        -0.21130913546366167,
        1.038559322997862
      ],
      [
        0.0,
        0.0,
        0.0,
        1.0
      ]
    ]
  ],
  "intrinsic": [
    [
      [
        680.0414428710938,
        0.0,
        384.0
      ],
      [
        0.0,
        680.0414428710938,
        256.0
      ],
      [
        0.0,
        0.0,
        1.0
      ]
    ],
    [
      [
        680.0414428710938,
        0.0,
        384.0
      ],
      [
        0.0,
        680.0414428710938,
        256.0
      ],
      [
        0.0,
        0.0,
        1.0
      ]
    ],
    [
      [
        680.0414428710938,
        0.0,
        384.0
      ],
      [
        0.0,
        680.0414428710938,
        256.0
      ],
      [
        0.0,
        0.0,
        1.0
      ]
    ],
    [
      [
        680.0414428710938,
        0.0,
        384.0
      ],
      [
        0.0,
        680.0414428710938,
        256.0
      ],
      [
        0.0,
        0.0,
        1.0
      ]
    ],
    [
      [
        680.0414428710938,
        0.0,
        384.0
      ],
      [
        0.0,
        680.0414428710938,
        256.0
      ],
      [
        0.0,
        0.0,
        1.0
      ]
    ],
    [
      [
        680.0414428710938,
        0.0,
        384.0
      ],
      [
        0.0,
        680.0414428710938,
        256.0
      ],
      [
        0.0,
        0.0,
        1.0
      ]
    ],
    [
      [
        680.0414428710938,
        0.0,
        384.0
      ],
      [
        0.0,
        680.0414428710938,
        256.0
      ],
      [
        0.0,
        0.0,
        1.0
      ]
    ],
    [
      [
        680.0414428710938,
        0.0,
        384.0
      ],
      [
        0.0,
        680.0414428710938,
        256.0
      ],
      [
        0.0,
        0.0,
        1.0
      ]
    ],
    [
      [
        680.0414428710938,
        0.0,
        384.0
      ],
      [
        0.0,
        680.0414428710938,
        256.0
      ],
      [
        0.0,
        0.0,
        1.0
      ]
    ],
    [
      [
        680.0414428710938,
        0.0,
        384.0
      ],
      [
        0.0,
        680.0414428710938,
        256.0
      ],
      [
        0.0,
        0.0,
        1.0
      ]
    ],
    [
      [
        680.0414428710938,
        0.0,
        384.0
      ],
      [
        0.0,
        680.0414428710938,
        256.0
      ],
      [
        0.0,
        0.0,
        1.0
      ]
    ],
    [
      [
        680.0414428710938,
        0.0,
        384.0
      ],
      [
        0.0,
        680.0414428710938,
        256.0
      ],
      [
        0.0,
        0.0,
        1.0
      ]
    ],
    [
      [
        680.0414428710938,
        0.0,
        384.0
      ],
      [
        0.0,
        680.0414428710938,
        256.0
      ],
      [
        0.0,
        0.0,
        1.0
      ]
    ],
    [
      [
        680.0414428710938,
        0.0,
        384.0
      ],
      [
        0.0,
        680.0414428710938,
        256.0
      ],
      [
        0.0,
        0.0,
        1.0
      ]
    ],
    [
      [
        680.0414428710938,
        0.0,
        384.0
      ],
      [
        0.0,
        680.0414428710938,
        256.0
      ],
      [
        0.0,
        0.0,
        1.0
      ]
    ],
    [
      [
        680.0414428710938,
        0.0,
        384.0
      ],
      [
        0.0,
        680.0414428710938,
        256.0
      ],
      [
        0.0,
        0.0,
        1.0
      ]
    ],
    [
      [
        680.0414428710938,
        0.0,
        384.0
      ],
      [
        0.0,
        680.0414428710938,
        256.0
      ],
      [
        0.0,
        0.0,
        1.0
      ]
    ],
    [
      [
        680.0414428710938,
        0.0,
        384.0
      ],
      [
        0.0,
        680.0414428710938,
        256.0
      ],
      [
        0.0,
        0.0,
        1.0
      ]
    ],
    [
      [
        680.0414428710938,
        0.0,
        384.0
      ],
      [
        0.0,
        680.0414428710938,
        256.0
      ],
      [
        0.0,
        0.0,
        1.0
      ]
    ],
    [
      [
        680.0414428710938,
        0.0,
        384.0
      ],
      [
        0.0,
        680.0414428710938,
        256.0
      ],
      [
        0.0,
        0.0,
        1.0
      ]
    ],
    [
      [
        680.0414428710938,
        0.0,
        384.0
      ],
      [
        0.0,
        680.0414428710938,
        256.0
      ],
      [
        0.0,
        0.0,
        1.0
      ]
    ]
  ],
  "width": 768,
  "height": 512
}