{
  "id": 3,
  "type": "surround",
  "width": 832,
  "height": 480,
  "intrinsic": [
    [
      [
        240.17770385742188,
        0.0,
        416.0
      ],
      [
        0.0,
        240.0,
        240.0
      ],
      [
        0.0,
        0.0,
        1.0
      ]
    ],
    [
      [
        240.17770385742188,
        0.0,
        416.0
      ],
      [
        0.0,
        240.0,
        240.0
      ],
      [
        0.0,
        0.0,
        1.0
      ]
    ],
    [
      [
        240.17770385742188,
        0.0,
        416.0
      ],
      [
        0.0,
        240.0,
        240.0
      ],
      [
        0.0,
        0.0,
        1.0
      ]
    ],
    [
      [
        240.17770385742188,
        0.0,
        416.0
      ],
      [
        0.0,
        240.0,
        240.0
      ],
      [
        0.0,
        0.0,
        1.0
      ]
    ],
    [
      [
        240.17770385742188,
        0.0,
        416.0
      ],
      [
        0.0,
        240.0,
        240.0
      ],
      [
        0.0,
        0.0,
        1.0
      ]
    ],
    [
      [
        240.17770385742188,
        0.0,
        416.0
      ],
      [
        0.0,
        240.0,
        240.0
      ],
      [
        0.0,
        0.0,
        1.0
      ]
    ],
    [
      [
        240.17770385742188,
        0.0,
        416.0
      ],
      [
        0.0,
        240.0,
        240.0
      ],
      [
        0.0,
        0.0,
        1.0
      ]
    ],
    [
      [
        240.17770385742188,
        0.0,
        416.0
      ],
      [
        0.0,
        240.0,
        240.0
      ],
      [
        0.0,
        0.0,
        1.0
      ]
    ],
    [
      [
        240.17770385742188,
        0.0,
        416.0
      ],
      [
        0.0,
        240.0,
        240.0
      ],
      [
        0.0,
        0.0,
        1.0
      ]
    ],
    [
      [
        240.17770385742188,
        0.0,
        416.0
      ],
      [
        0.0,
        240.0,
        240.0
      ],
      [
        0.0,
        0.0,
        1.0
      ]
    ],
    [
      [
        240.17770385742188,
        0.0,
        416.0
      ],
      [
        0.0,
        240.0,
        240.0
      ],
      [
        0.0,
        0.0,
        1.0
      ]
    ],
    [
      [
        240.17770385742188,
        0.0,
        416.0
      ],
      [
        0.0,
        240.0,
        240.0
      ],
      [
        0.0,
        0.0,
        1.0
      ]
    ],
    [
      [
        240.17770385742188,
        0.0,
        416.0
      ],
      [
        0.0,
        240.0,
        240.0
      ],
      [
        0.0,
        0.0,
        1.0
      ]
    ],
    [
      [
        240.17770385742188,
        0.0,
        416.0
      ],
      [
        0.0,
        240.0,
        240.0
      ],
      [
        0.0,
        0.0,
        1.0
      ]
    ],
    [
      [
        240.17770385742188,
        0.0,
        416.0
      ],
      [
        0.0,
        240.0,
        240.0
      ],
      [
        0.0,
        0.0,
        1.0
      ]
    ],
    [
      [
        240.17770385742188,
        0.0,
        416.0
      ],
      [
        0.0,
        240.0,
        240.0
      ],
      [
        0.0,
        0.0,
        1.0
      ]
    ],
    [
      [
        240.17770385742188,
        0.0,
        416.0
      ],
      [
        0.0,
        240.0,
        240.0
      ],
      [
        0.0,
        0.0,
        1.0
      ]
    ],
    [
      [
        240.17770385742188,
        0.0,
        416.0
      ],
      [
        0.0,
        240.0,
        240.0
      ],
      [
        0.0,
        0.0,
        1.0
      ]
    ],
    [
      [
        240.17770385742188,
        0.0,
        416.0
      ],
      [
        0.0,
        240.0,
        240.0
      ],
      [
        0.0,
        0.0,
        1.0
      ]
    ],
    [
      [
        240.17770385742188,
        0.0,
        416.0
      ],
      [
        0.0,
        240.0,
        240.0
      ],
      [
        0.0,
        0.0,
        1.0
      ]
    ],
    [
      [
        240.17770385742188,
        0.0,
        416.0
      ],
      [
        0.0,
        240.0,
        240.0
      ],
      [
        0.0,
        0.0,
        1.0
      ]
    ]
  ],
  "extrinsic": [
    [
      [
        -0.35454603741916607,
        0.9350385592853202,
        4.658603789149751e-18,
        0.0
      ],
      [
        0.14853850527829143,
        0.056322531223564405,
        -0.9873014154381943,
        -0.0
      ],
      [
        -0.9231648930716865,
        -0.3500438045819457,
        -0.1588581602365406,
        -0.0
      ],
      [
        0.0,
        0.0,
        0.0,
        1.0
      ]
    ],
    [
      [
        -0.3165214196458523,
        0.9485853630039704,
        1.0170577337578494e-17,
        0.06973985356860044
      ],
      [
        0.1603837474579247,
        0.05351641867289881,
        -0.9856028847785397,
        0.01789254462734443
      ],
      [
        -0.9349284702354115,
        -0.31196442429715077,
        -0.16907676811502031,
        -0.1043013998750121
      ],
      [
        0.0,
        0.0,
        0.0,
        1.0
      ]
    ],
    [
      [
        -0.27923491630497815,
        0.9602228186812432,
        1.3756686665979814e-18,
        0.13711725466846683
      ],
      [
        0.17390896848206855,
        0.050573112108988544,
        -0.983462267203534,
        0.038538459623569096
      ],
      [
        -0.9443429102808233,
        -0.27461700387168286,
        -0.18111313863683504,
        -0.2092676498303405
      ],
      [
        0.0,
        0.0,
        0.0,
        1.0
      ]
    ],
    [
      [
        -0.24570780585098553,
        0.9693439400666279,
        -4.123636911641191e-18,
        0.1968785450202232
      ],
      [
        0.18965942879029346,
        0.04807457929103176,
        -0.980672287717426,
        0.06323296423096965
      ],
      [
        -0.9506087392901634,
        -0.24095883607391513,
        -0.19565751736917777,
        -0.316935513264914
      ],
      [
        0.0,
        0.0,
        0.0,
        1.0
      ]
    ],
    [
      [
        -0.2210692156502654,
        0.9752581206489779,
        3.528820874945819e-18,
        0.2403129780353252
      ],
      [
        0.20832505760778242,
        0.04722263379360777,
        -0.9769189798700347,
        0.09391446212422636
      ],
      [
        -0.9527481683343665,
        -0.215966712633726,
        -0.21361017478034855,
        -0.42950585395936214
      ],
      [
        0.0,
        0.0,
        0.0,
        1.0
      ]
    ],
    [
      [
        -0.21245390701111397,
        0.977171089111683,
        -6.8000924829833146e-18,
        0.25540559668882623
      ],
      [
        0.23049123625787488,
        0.05011278395405995,
        -0.9717831542544305,
        0.1329292298090382
      ],
      [
        -0.9495984032231887,
        -0.20645912788893778,
        -0.23587602910704975,
        -0.5476537260927562
      ],
      [
        0.0,
        0.0,
        0.0,
        1.0
      ]
    ],
    [
      [
        -0.22689937806929664,
        0.9739182061301485,
        -6.816277423191696e-19,
        0.23007168640088035
      ],
      [
        0.25614590405585624,
        0.059675798192753766,
        -0.9647943174301274,
        0.18218420631744298
      ],
      [
        -0.939630750916111,
        -0.21891123058968753,
        -0.2630055608813893,
        -0.6683139565245015
      ],
      [
        0.0,
        0.0,
        0.0,
        1.0
      ]
    ],
    [
      [
        -0.2688836698731817,
        0.9631726595348987,
        1.5234254004918856e-17,
        0.15565006217551222
      ],
      [
        0.2842112629795126,
        0.07934171163675391,
        -0.9554731031222912,
        0.2421726704609392
      ],
      [
        -0.9202855698483597,
        -0.25691111443263864,
        -0.2950782086326597,
        -0.7841632020505462
      ],
      [
        0.0,
        0.0,
        0.0,
        1.0
      ]
    ],
    [
      [
        -0.34038854986714884,
        0.9402848691324025,
        -5.67192135654205e-18,
        0.026089909588969454
      ],
      [
        0.3119683919527222,
        0.11293435854089089,
        -0.9433565355067987,
        0.31097289254172333
      ],
      [
        -0.887023876534207,
        -0.32110776312885675,
        -0.331780721134622,
        -0.8841933598235091
      ],
      [
        0.0,
        0.0,
        0.0,
        1.0
      ]
    ],
    [
      [
        -0.44175730099688665,
        0.8971345980486686,
        -2.219829252416116e-17,
        -0.16413851076553268
      ],
      [
        0.333832432405998,
        0.16438215028788697,
        -0.9281887823824553,
        0.3820388454416024
      ],
      [
        -0.8327102701959672,
        -0.41003417132086006,
        -0.3721096401054059,
        -0.9529561520437708
      ],
      [
        0.0,
        0.0,
        0.0,
        1.0
      ]
    ],
    [
      [
        -0.5702101166634721,
        0.821498887920507,
        -5.076500629081586e-17,
        -0.4180322927832157
      ],
      [
        0.339763616144274,
        0.2358331265548551,
        -0.9104633005036107,
        0.44032714598130673
      ],
      [
        -0.7479445888561506,
        -0.5191553847979737,
        -0.4135898674243264,
        -0.9693218770762749
      ],
      [
        0.0,
        0.0,
        0.0,
        1.0
      ]
    ],
    [
      [
        -0.7153557534459373,
        0.6987604353509114,
        -1.3835751527755114e-17,
        -0.7277569469998116
      ],
      [
        0.31549788267724865,
        0.3229908480147992,
        -0.8922656544577149,
        0.4595777624935001
      ],
      [
        -0.6234799371575387,
        -0.638287369518531,
        -0.4515107992896139,
        -0.908207408705734
      ],
      [
        0.0,
        0.0,
        0.0,
        1.0
      ]
    ],
    [
      [
        -0.8546335809871275,
        0.5192315882620384,
        -1.1445238543713204e-17,
        -1.0627944503677778
      ],
      [
        0.24887329891769044,
        0.4096350905345255,
        -0.8776452436426674,
        0.40907583640352324
      ],
      [
        -0.4557011337872059,
        -0.7500650974106529,
        -0.4793107825945532,
        -0.7490410713593197
      ],
      [
        0.0,
        0.0,
        0.0,
        1.0
      ]
    ],
    [
      [
        -0.9569974265662068,
        0.290096407329801,
        1.4693485233159485e-17,
        -1.3685789927983307
      ],
      [
        0.14250472931477584,
        0.47010805987925336,
        -0.8710285954889697,
        0.27609579705903775
      ],
      [
        -0.2526822662328726,
        -0.8335721243485215,
        -0.49123231351419994,
        -0.48955927311119274
      ],
      [
        0.0,
        0.0,
        0.0,
        1.0
      ]
    ],
    [
      [
        -0.9992479610710809,
        0.03877515048697522,
        -1.0404489889209921e-18,
        -1.5908254654875011
      ],
      [
        0.018842564689478362,
        0.48557888520989123,
        -0.8739897619504716,
        0.08493806455567803
      ],
      [
        -0.033889084543705185,
        -0.8733324876260081,
        -0.4859443342665474,
        -0.15276440856872275
      ],
      [
        0.0,
        0.0,
        0.0,
        1.0
      ]
    ],
    [
      [
        -0.97933781747077,
        -0.20223115306892903,
        1.4250579868816814e-17,
        -1.706313179856776
      ],
      [
        -0.09450798648321586,
        0.45767056069982875,
        -0.8840847800746219,
        -0.11811904129733855
      ],
      [
        0.17878948448518134,
        -0.8658176589774059,
        -0.4673265471171174,
        0.22345669701878088
      ],
      [
        0.0,
        0.0,
        0.0,
        1.0
      ]
    ],
    [
      [
        -0.9110006515671872,
        -0.4124049137003103,
        2.527320988535751e-17,
        -1.7246623296301054
      ],
      [
        -0.18206716400757675,
        0.4021855693999399,
        -0.8972727096912533,
        -0.29725801775382693
      ],
      [
        0.3700396744058648,
        -0.8174160231621873,
        -0.4414767088344703,
        0.6041575959275192
      ],
      [
        0.0,
        0.0,
        0.0,
        1.0
      ]
    ],
    [
      [
        -0.8108801394518343,
        -0.5852122687047614,
        9.032882346535512e-18,
        -1.6687625869454574
      ],
      [
        -0.24192332001867198,
        0.33521309440004116,
        -0.9105521888249417,
        -0.4386980764520161
      ],
      [
        0.5328663121963304,
        -0.7383486858525415,
        -0.4133941356939013,
        0.966287277094937
      ],
      [
        0.0,
        0.0,
        0.0,
        1.0
      ]
    ],
    [
      [
        -0.6923497282100406,
        -0.7215620928565212,
        5.625988702291001e-17,
        -1.5607795742417954
      ],
      [
        -0.27838017248621766,
        0.26710998078750464,
        -0.922581561559867,
        -0.542674733144146
      ],
      [
        0.6656998823899751,
        -0.6387490933975688,
        -0.3858021024693326,
        1.2977163668075347
      ],
      [
        0.0,
        0.0,
        0.0,
        1.0
      ]
    ],
    [
      [
        -0.5652847480793517,
        -0.8248958440850965,
        -6.118083007120684e-17,
        -1.4187783163410368
      ],
      [
        -0.2966873310387646,
        0.2033139388289632,
        -0.9330809556940636,
        -0.6142609271675392
      ],
      [
        0.769694602546983,
        -0.5274564329771595,
        -0.3596664150585273,
        1.5935743482575133
      ],
      [
        0.0,
        0.0,
        0.0,
        1.0
      ]
    ],
    [
      [
        -0.4370211511306981,
        -0.8994512290638105,
        -2.308766214412055e-17,
        -1.2572085595007974
      ],
      [
        -0.30142708804530055,
        0.14645598198430618,
        -0.9421742704688677,
        -0.6592832078340918
      ],
      [
        0.8474398055655222,
        -0.41175008424603027,
        -0.33512332665222927,
        1.8535256306346655
      ],
      [
        0.0,
        0.0,
        0.0,
        1.0
      ]
    ]
  ]
}