{
  "extrinsic": [
    [
      [
        1.0,
        0.0,
        0.0,
        0.0
      ],
      [
        0.0,
        0.9659258387722409,
        -0.25881905061666344,
        0.0
      ],
      [
        0.0,
        0.2588190506166634,
        0.965925838772241,
        0.0
      ],
      [
        0.0,
        0.0,
        0.0,
        1.0
      ]
    ],
    [
      [
        0.9957304247431081,
        0.02389140346186312,
        0.08916393093971406,
        -0.5772760208759737
      ],
      [
        0.0017991176899495045,
        0.9607194981516425,
        -0.2775155054891084,
        0.12136514664326119
      ],
      [
        -0.09229175554848626,
        0.27649102604180703,
        0.9565745706071147,
        0.055892467913637514
      ],
      [
        0.0,
        0.0,
        0.0,
        1.0
      ]
    ],
    [
      [
        0.9848062534578464,
        0.04494557911655247,
        0.1677391815865653,
        -1.0859975057196196
      ],
      [
        0.013027788189617391,
        0.9440821100828639,
        -0.329452929725924,
        0.4620286169420066
      ],
      [
        -0.17316701588908168,
        0.32663260408180417,
        0.9291524985228495,
        0.22680074523939747
      ],
      [
        0.0,
        0.0,
        0.0,
        1.0
      ]
    ],
    [
      [
        0.9717875855443712,
        0.06104449128547351,
        0.22782114387712454,
        -1.4749875132386274
      ],
      [
        0.03731644191852812,
        0.9139655354775007,
        -0.40407231695115436,
        0.9615224618171881
      ],
      [
        -0.23288706981093435,
        0.4011739555667143,
        0.8859024379777037,
        0.5166221904782798
      ],
      [
        0.0,
        0.0,
        0.0,
        1.0
      ]
    ],
    [
      [
        0.9616248149884005,
        0.07101163064210346,
        0.2650190179091247,
        -1.7158185335979974
      ],
      [
        0.07047645386831876,
        0.8695843200824388,
        -0.48872911804912644,
        1.544736917140913
      ],
      [
        -0.2651618239421496,
        0.48865163449928417,
        0.8312092031885768,
        0.9171189809999203
      ],
      [
        0.0,
        0.0,
        0.0,
        1.0
      ]
    ],
    [
      [
        0.957826310958076,
        0.07437111579908204,
        0.2775567571109975,
        -1.7969919177093427
      ],
      [
        0.10280470982920281,
        0.8132978905322931,
        -0.5726934034919686,
        2.1430377440287107
      ],
      [
        -0.2683281592944269,
        0.5770749652546777,
        0.7713523944268966,
        1.3983733386614854
      ],
      [
        0.0,
        0.0,
        0.0,
        1.0
      ]
    ],
    [
      [
        0.9616248129572953,
        0.07101164439743378,
        0.2650190215932853,
        -1.7158184922485278
      ],
      [
        0.1233893187438736,
        0.7508045732238723,
        -0.6488971766227627,
        2.704506725959886
      ],
      [
        -0.24505673434599,
        0.6566961496130695,
        0.7132302400797375,
        1.9098623385949915
      ],
      [
        0.0,
        0.0,
        0.0,
        1.0
      ]
    ],
    [
      [
        0.9717875849704977,
        0.06104449550288777,
        0.22782114519497085,
        -1.4749874996634773
      ],
      [
        0.12387606216810514,
        0.6898728940788997,
        -0.713253208306438,
        3.1918800580274955
      ],
      [
        -0.20070780782249092,
        0.721352187274434,
        0.6628479642236524,
        2.3906969934501743
      ],
      [
        0.0,
        0.0,
        0.0,
        1.0
      ]
    ],
    [
      [
        0.9848063679542802,
        0.0449455876245504,
        0.16773920697630462,
        -1.0859976225950059
      ],
      [
        0.1007789883620642,
        0.6387084081623033,
        -0.7628205292395165,
        3.5741115679871833
      ],
      [
        -0.14142185877297195,
        0.7681351296405531,
        0.6244745211046786,
        2.782106112378434
      ],
      [
        0.0,
        0.0,
        0.0,
        1.0
      ]
    ],
    [
      [
        0.9957303643315877,
        0.023891405474114794,
        0.08916393169781825,
        -0.5772759774508356
      ],
      [
        0.05664120738950953,
        0.6045756509921323,
        -0.7945312815073208,
        3.8209107080685745
      ],
      [
        -0.07288881428571248,
        0.7961893492110187,
        0.6006411547667765,
        3.0369693291610007
      ],
      [
        0.0,
        0.0,
        0.0,
        1.0
      ]
    ],
    [
      [
        1.0,
        9.508858787909312e-18,
        3.5487541530331365e-17,
        -2.297577633859142e-16
      ],
      [
        2.2950926296683604e-17,
        0.5925783638794727,
        -0.8055128518092409,
        3.9066648588462347
      ],
      [
        -2.8688655681015176e-17,
        0.8055128518092407,
        0.5925783638794727,
        3.1253321256372995
      ],
      [
        0.0,
        0.0,
        0.0,
        1.0
      ]
    ],
    [
      [
        0.9957303643315877,
        -0.023891405474114794,
        -0.08916393169781825,
        0.5772759774508356
      ],
      [
        -0.05664120738950953,
        0.6045756509921323,
        -0.7945312815073208,
        3.8209107080685745
      ],
      [
        0.07288881428571248,
        0.7961893492110187,
        0.6006411547667765,
        3.0369693291610007
      ],
      [
        0.0,
        0.0,
        0.0,
        1.0
      ]
    ],
    [
      [
        0.9848063679542802,
        -0.0449455876245504,
        -0.16773920697630462,
        1.0859976225950059
      ],
      [
        -0.1007789883620642,
        0.6387084081623033,
        -0.7628205292395165,
        3.5741115679871833
      ],
      [
        0.14142185877297195,
        0.7681351296405531,
        0.6244745211046786,
        2.782106112378434
      ],
      [
        0.0,
        0.0,
        0.0,
        1.0
      ]
    ],
    [
      [
        0.9717875849704977,
        -0.06104449550288777,
        -0.22782114519497085,
        1.4749874996634773
      ],
      [
        -0.12387606216810514,
        0.6898728940788997,
        -0.713253208306438,
        3.1918800580274955
      ],
      [
        0.20070780782249092,
        0.721352187274434,
        0.6628479642236524,
        2.3906969934501743
      ],
      [
        0.0,
        0.0,
        0.0,
        1.0
      ]
    ],
    [
      [
        0.9616248129572953,
        -0.07101164439743378,
        -0.2650190215932853,
        1.7158184922485278
      ],
      [
        -0.1233893187438736,
        0.7508045732238723,
        -0.6488971766227627,
        2.704506725959886
      ],
      [
        0.24505673434599,
        0.6566961496130695,
        0.7132302400797375,
        1.9098623385949915
      ],
      [
        0.0,
        0.0,
        0.0,
        1.0
      ]
    ],
    [
      [
        0.957826310958076,
        -0.07437111579908204,
        -0.2775567571109975,
        1.7969919177093427
      ],
      [
        -0.10280470982920281,
        0.8132978905322931,
        -0.5726934034919686,
        2.1430377440287107
      ],
      [
        0.2683281592944269,
        0.5770749652546777,
        0.7713523944268966,
        1.3983733386614854
      ],
      [
        0.0,
        0.0,
        0.0,
        1.0
      ]
    ],
    [
      [
        0.9616248149884005,
        -0.07101163064210346,
        -0.2650190179091247,
        1.7158185335979974
      ],
      [
        -0.07047645386831876,
        0.8695843200824388,
        -0.48872911804912644,
        1.544736917140913
      ],
      [
        0.2651618239421496,
        0.48865163449928417,
        0.8312092031885768,
        0.9171189809999203
      ],
      [
        0.0,
        0.0,
        0.0,
        1.0
      ]
    ],
    [
      [
        0.9717875855443712,
        -0.06104449128547351,
        -0.22782114387712454,
        1.4749875132386274
      ],
      [
        -0.03731644191852812,
        0.9139655354775007,
        -0.40407231695115436,
        0.9615224618171881
      ],
      [
        0.23288706981093435,
        0.4011739555667143,
        0.8859024379777037,
        0.5166221904782798
      ],
      [
        0.0,
        0.0,
        0.0,
        1.0
      ]
    ],
    [
      [
        0.9848062534578464,
        -0.04494557911655247,
        -0.1677391815865653,
        1.0859975057196196
      ],
      [
        -0.013027788189617391,
        0.9440821100828639,
        -0.329452929725924,
        0.4620286169420066
      ],
      [
        0.17316701588908168,
        0.32663260408180417,
        0.9291524985228495,
        0.22680074523939747
      ],
      [
        0.0,
        0.0,
        0.0,
        1.0
      ]
    ],
    [
      [
        0.9957304247431081,
        -0.02389140346186312,
        -0.08916393093971406,
        0.5772760208759737
      ],
      [
        -0.0017991176899495045,
        0.9607194981516425,
        -0.2775155054891084,
        0.12136514664326119
      ],
      [
        0.09229175554848626,
        0.27649102604180703,
        0.9565745706071147,
        0.055892467913637514
      ],
      [
        0.0,
        0.0,
        0.0,
        1.0
      ]
    ],
    [
      [
        1.0,
        -1.9017716143606684e-17,
        -7.09750822969868e-17,
        4.595155327041355e-16
      ],
      [
        0.0,
        0.9659258387722409,
        -0.25881905061666344,
        -4.0217337679179235e-49
      ],
      [
        7.347881115511007e-17,
        0.2588190506166634,
        0.965925838772241,
        3.376465505040698e-32
      ],
      [
        0.0,
        0.0,
        0.0,
        1.0
      ]
    ]
  ],
  "intrinsic": [
    [
      [
        530.7259521484375,
        0.0,
        452.0
      ],
      [
        0.0,
        530.7259521484375,
        256.0
      ],
      [
        0.0,
        0.0,
        1.0
      ]
    ],
    [
      [
        530.7259521484375,
        0.0,
        452.0
      ],
      [
        0.0,
        530.7259521484375,
        256.0
      ],
      [
        0.0,
        0.0,
        1.0
      ]
    ],
    [
      [
        530.7259521484375,
        0.0,
        452.0
      ],
      [
        0.0,
        530.7259521484375,
        256.0
      ],
      [
        0.0,
        0.0,
        1.0
      ]
    ],
    [
      [
        530.7259521484375,
        0.0,
        452.0
      ],
      [
        0.0,
        530.7259521484375,
        256.0
      ],
      [
        0.0,
        0.0,
        1.0
      ]
    ],
    [
      [
        530.7259521484375,
        0.0,
        452.0
      ],
      [
        0.0,
        530.7259521484375,
        256.0
      ],
      [
        0.0,
        0.0,
        1.0
      ]
    ],
    [
      [
        530.7259521484375,
        0.0,
        452.0
      ],
      [
        0.0,
        530.7259521484375,
        256.0
      ],
      [
        0.0,
        0.0,
        1.0
      ]
    ],
    [
      [
        530.7259521484375,
        0.0,
        452.0
      ],
      [
        0.0,
        530.7259521484375,
        256.0
      ],
      [
        0.0,
        0.0,
        1.0
      ]
    ],
    [
      [
        530.7259521484375,
        0.0,
        452.0
      ],
      [
        0.0,
        530.7259521484375,
        256.0
      ],
      [
        0.0,
        0.0,
        1.0
      ]
    ],
    [
      [
        530.7259521484375,
        0.0,
        452.0
      ],
      [
        0.0,
        530.7259521484375,
        256.0
      ],
      [
        0.0,
        0.0,
        1.0
      ]
    ],
    [
      [
        530.7259521484375,
        0.0,
        452.0
      ],
      [
        0.0,
        530.7259521484375,
        256.0
      ],
      [
        0.0,
        0.0,
        1.0
      ]
    ],
    [
      [
        530.7259521484375,
        0.0,
        452.0
      ],
      [
        0.0,
        530.7259521484375,
        256.0
      ],
      [
        0.0,
        0.0,
        1.0
      ]
    ],
    [
      [
        530.7259521484375,
        0.0,
        452.0
      ],
      [
        0.0,
        530.7259521484375,
        256.0
      ],
      [
        0.0,
        0.0,
        1.0
      ]
    ],
    [
      [
        530.7259521484375,
        0.0,
        452.0
      ],
      [
        0.0,
        530.7259521484375,
        256.0
      ],
      [
        0.0,
        0.0,
        1.0
      ]
    ],
    [
      [
        530.7259521484375,
        0.0,
        452.0
      ],
      [
        0.0,
        530.7259521484375,
        256.0
      ],
      [
        0.0,
        0.0,
        1.0
      ]
    ],
    [
      [
        530.7259521484375,
        0.0,
        452.0
      ],
      [
        0.0,
        530.7259521484375,
        256.0
      ],
      [
        0.0,
        0.0,
        1.0
      ]
    ],
    [
      [
        530.7259521484375,
        0.0,
        452.0
      ],
      [
        0.0,
        530.7259521484375,
        256.0
      ],
      [
        0.0,
        0.0,
        1.0
      ]
    ],
    [
      [
        530.7259521484375,
        0.0,
        452.0
      ],
      [
        0.0,
        530.7259521484375,
        256.0
      ],
      [
        0.0,
        0.0,
        1.0
      ]
    ],
    [
      [
        530.7259521484375,
        0.0,
        452.0
      ],
      [
        0.0,
        530.7259521484375,
        256.0
      ],
      [
        0.0,
        0.0,
        1.0
      ]
    ],
    [
      [
        530.7259521484375,
        0.0,
        452.0
      ],
      [
        0.0,
        530.7259521484375,
        256.0
      ],
      [
        0.0,
        0.0,
        1.0
      ]
    ],
    [
      [
        530.7259521484375,
        0.0,
        452.0
      ],
      [
        0.0,
        530.7259521484375,
        256.0
      ],
      [
        0.0,
        0.0,
        1.0
      ]
    ],
    [
      [
        530.7259521484375,
        0.0,
        452.0
      ],
      [
        0.0,
        530.7259521484375,
        256.0
      ],
      [
        0.0,
        0.0,
        1.0
      ]
    ]
  ],
  "width": 904,
  "height": 512
}