{
  "extrinsic": [
    [
      [
        0.0,
        1.0,
        0.0,
        0.0
      ],
      [
        -0.0,
        -0.0,
        -1.0,
        -0.0
      ],
      [
        -1.0,
        -0.0,
        -0.0,
        -0.0
      ],
      [
        0.0,
        0.0,
        0.0,
        1.0
      ]
    ],
    [
      [
        -0.10452844382916533,
        0.9945218974113404,
        9.88091223932591e-17,
        -0.08366732277545952
      ],
      [
        1.540161778432575e-16,
        1.2782159366010327e-16,
        -0.9999999999999998,
        -1.0019158008707621e-17
      ],
      [
        -0.9945218974113403,
        -0.10452844382916533,
        -1.2201909940673444e-16,
        0.004384819849136014
      ],
      [
        0.0,
        0.0,
        0.0,
        1.0
      ]
    ],
    [
      [
        -0.14596821598507492,
        0.9892892802017692,
        9.362744626447642e-17,
        -0.11682938043404706
      ],
      [
        9.362744626447641e-17,
        1.26038901114494e-16,
        -1.0,
        -1.3805674066433974e-17
      ],
      [
        -0.9892892802017691,
        -0.14596821598507492,
        -1.26038901114494e-16,
        0.007521076728334085
      ],
      [
        0.0,
        0.0,
        0.0,
        1.0
      ]
    ],
    [
      [
        -0.187153328401315,
        0.9823307140002848,
        0.0,
        -0.14980430685905724
      ],
      [
        -5.4530308823979285e-17,
        -1.0389096716318657e-17,
        -1.0,
        7.121024804167071e-19
      ],
      [
        -0.9823307140002847,
        -0.187153328401315,
        -0.0,
        0.012828097861817152
      ],
      [
        0.0,
        0.0,
        0.0,
        1.0
      ]
    ],
    [
      [
        -0.22801192865386488,
        0.9736583386340123,
        -1.3683227654239276e-16,
        -0.18249907412026067
      ],
      [
        -1.3683227654239276e-16,
        -1.460694045290822e-16,
        -1.0,
        2.360070762417957e-17
      ],
      [
        -0.9736583386340122,
        -0.22801192865386494,
        1.460694045290822e-16,
        0.02005146800240642
      ],
      [
        0.0,
        0.0,
        0.0,
        1.0
      ]
    ],
    [
      [
        -0.2684727354147386,
        0.9632872833889834,
        -1.3061309696790607e-16,
        -0.21489968766311116
      ],
      [
        -1.0387650393422938e-16,
        -1.442044486773993e-16,
        -1.0,
        2.779009423583376e-17
      ],
      [
        -0.9632872833889834,
        -0.26847273541473865,
        1.5165606398593782e-16,
        0.02832898274165813
      ],
      [
        0.0,
        0.0,
        0.0,
        1.0
      ]
    ],
    [
      [
        -0.3084651584980301,
        0.9512356416749662,
        0.0,
        -0.24690402823606913
      ],
      [
        -0.0,
        -0.0,
        -0.9999999999999998,
        -0.0
      ],
      [
        -0.9512356416749662,
        -0.3084651584980301,
        -0.0,
        0.03827934920376287
      ],
      [
        0.0,
        0.0,
        0.0,
        1.0
      ]
    ],
    [
      [
        -0.34791942988580826,
        0.9375244371790711,
        0.0,
        -0.2784840517193253
      ],
      [
        -0.0,
        -0.0,
        -1.0,
        -0.0
      ],
      [
        -0.937524437179071,
        -0.34791942988580826,
        -0.0,
        0.04876588547488513
      ],
      [
        0.0,
        0.0,
        0.0,
        1.0
      ]
    ],
    [
      [
        -0.3867667061459646,
        0.9221775940766511,
        0.0,
        -0.3095802680939896
      ],
      [
        -2.559556994343323e-17,
        -1.0734932558042045e-17,
        -0.9999999999999998,
        1.6927059110742503e-18
      ],
      [
        -0.9221775940766511,
        -0.3867667061459646,
        -0.0,
        0.06098615768289465
      ],
      [
        0.0,
        0.0,
        0.0,
        1.0
      ]
    ],
    [
      [
        -0.4249392127756629,
        0.9052218874097112,
        0.0,
        -0.34011786658955107
      ],
      [
        2.5124954544922562e-17,
        1.1794432452240735e-17,
        -1.0,
        -2.0867938008625398e-18
      ],
      [
        -0.9052218874097112,
        -0.4249392127756629,
        -0.0,
        0.07518467027170876
      ],
      [
        0.0,
        0.0,
        0.0,
        1.0
      ]
    ],
    [
      [
        -0.4623703412279107,
        0.8866869050306232,
        0.0,
        -0.3701000221837097
      ],
      [
        -2.4610505439965435e-17,
        -1.283335496837542e-17,
        -1.0,
        2.4879372001631815e-18
      ],
      [
        -0.8866869050306232,
        -0.46237034122791076,
        -0.0,
        0.0896373843806088
      ],
      [
        0.0,
        0.0,
        0.0,
        1.0
      ]
    ],
    [
      [
        -0.49899480035570865,
        0.8666049787636616,
        4.081292841550708e-17,
        -0.3994088196216973
      ],
      [
        6.486604843246239e-17,
        1.6546191963321383e-16,
        -1.0,
        -5.899250864716556e-17
      ],
      [
        -0.8666049787636616,
        -0.49899480035570865,
        -1.516120317201353e-16,
        0.10555876824028312
      ],
      [
        0.0,
        0.0,
        0.0,
        1.0
      ]
    ],
    [
      [
        -0.5347486939840367,
        0.8450111444722889,
        5.387289079272181e-17,
        -0.42802267534308386
      ],
      [
        -1.5244950965692326e-16,
        -9.647467577301277e-17,
        -1.0,
        2.2175853668452686e-17
      ],
      [
        -0.8450111444722885,
        -0.5347486939840366,
        1.629860110155475e-16,
        0.12291835854506605
      ],
      [
        0.0,
        0.0,
        0.0,
        1.0
      ]
    ],
    [
      [
        -0.5695696465049113,
        0.8219430745375679,
        2.6411890880394608e-17,
        -0.4559072609824927
      ],
      [
        -1.5969452209948978e-16,
        -1.1066113374353864e-16,
        -0.9999999999999998,
        2.7495428581251393e-17
      ],
      [
        -0.8219430745375678,
        -0.5695696465049113,
        1.8430721911822207e-16,
        0.14151817361476102
      ],
      [
        0.0,
        0.0,
        0.0,
        1.0
      ]
    ],
    [
      [
        -0.6033969142670038,
        0.7974410096383667,
        1.1066717121010575e-17,
        -0.4829601706608685
      ],
      [
        3.3200151363031725e-17,
        2.5121443020262464e-17,
        -0.9999999999999998,
        -6.722559995607568e-18
      ],
      [
        -0.7974410096383667,
        -0.6033969142670038,
        -8.373814340087489e-18,
        0.16147049968636829
      ],
      [
        0.0,
        0.0,
        0.0,
        1.0
      ]
    ],
    [
      [
        -0.6361714864134546,
        0.771547691250836,
        -1.0707375142788243e-17,
        -0.5092146355129724
      ],
      [
        -3.212212542836472e-17,
        -2.6485958693483515e-17,
        -0.9999999999999998,
        7.568679135651617e-18
      ],
      [
        -0.7715476912508358,
        -0.6361714864134546,
        8.828652897827837e-18,
        0.1817936028533732
      ],
      [
        0.0,
        0.0,
        0.0,
        1.0
      ]
    ],
    [
      [
        -0.6678361615398819,
        0.7443083106748684,
        0.0,
        -0.5345537238064104
      ],
      [
        -0.0,
        -0.0,
        -0.9999999999999998,
        -0.0
      ],
      [
        -0.7443083106748684,
        -0.6678361615398819,
        -0.0,
        0.20327885536484722
      ],
      [
        0.0,
        0.0,
        0.0,
        1.0
      ]
    ],
    [
      [
        -0.698335701171538,
        0.715770388091919,
        0.0,
        -0.5589577060109426
      ],
      [
        -3.9733238260226613e-17,
        -3.876541871791972e-17,
        -1.0,
        1.2571539397196243e-17
      ],
      [
        -0.7157703880919188,
        -0.698335701171538,
        -0.0,
        0.22646872057874604
      ],
      [
        0.0,
        0.0,
        0.0,
        1.0
      ]
    ],
    [
      [
        -0.72761689070612,
        0.6859837172697019,
        -1.4769677271242294e-16,
        -0.5824183800182394
      ],
      [
        -1.4769677271242294e-16,
        -3.1850459929350787e-16,
        -1.0,
        1.4812697454677368e-16
      ],
      [
        -0.6859837172697019,
        -0.7276168907061201,
        3.1850459929350787e-16,
        0.25059693157549945
      ],
      [
        0.0,
        0.0,
        0.0,
        1.0
      ]
    ],
    [
      [
        -0.7556286663129275,
        0.6550002432412876,
        -4.8953726727323864e-17,
        -0.6048160494332282
      ],
      [
        -1.2593909168246098e-17,
        -9.927854331463361e-17,
        -0.9999999999999998,
        5.648968545423717e-17
      ],
      [
        -0.6550002432412877,
        -0.7556286663129274,
        1.4122436048500417e-16,
        0.27520777067645885
      ],
      [
        0.0,
        0.0,
        0.0,
        1.0
      ]
    ],
    [
      [
        -0.7823221530681009,
        0.6228740232333427,
        -7.758998600552176e-17,
        -0.6261970811062905
      ],
      [
        -4.301353190379363e-17,
        -1.4314546247804457e-16,
        -1.0,
        7.650418783062608e-17
      ],
      [
        -0.6228740232333427,
        -0.782322153068101,
        1.8657306582857118e-16,
        0.3007919384475479
      ],
      [
        0.0,
        0.0,
        0.0,
        1.0
      ]
    ]
  ],
  "intrinsic": [
    [
      [
        240.17770385742188,
        0.0,
        416.0
      ],
      [
        0.0,
        240.0,
        240.0
      ],
      [
        0.0,
        0.0,
        1.0
      ]
    ],
    [
      [
        240.17770385742188,
        0.0,
        416.0
      ],
      [
        0.0,
        240.0,
        240.0
      ],
      [
        0.0,
        0.0,
        1.0
      ]
    ],
    [
      [
        240.17770385742188,
        0.0,
        416.0
      ],
      [
        0.0,
        240.0,
        240.0
      ],
      [
        0.0,
        0.0,
        1.0
      ]
    ],
    [
      [
        240.17770385742188,
        0.0,
        416.0
      ],
      [
        0.0,
        240.0,
        240.0
      ],
      [
        0.0,
        0.0,
        1.0
      ]
    ],
    [
      [
        240.17770385742188,
        0.0,
        416.0
      ],
      [
        0.0,
        240.0,
        240.0
      ],
      [
        0.0,
        0.0,
        1.0
      ]
    ],
    [
      [
        240.17770385742188,
        0.0,
        416.0
      ],
      [
        0.0,
        240.0,
        240.0
      ],
      [
        0.0,
        0.0,
        1.0
      ]
    ],
    [
      [
        240.17770385742188,
        0.0,
        416.0
      ],
      [
        0.0,
        240.0,
        240.0
      ],
      [
        0.0,
        0.0,
        1.0
      ]
    ],
    [
      [
        240.17770385742188,
        0.0,
        416.0
      ],
      [
        0.0,
        240.0,
        240.0
      ],
      [
        0.0,
        0.0,
        1.0
      ]
    ],
    [
      [
        240.17770385742188,
        0.0,
        416.0
      ],
      [
        0.0,
        240.0,
        240.0
      ],
      [
        0.0,
        0.0,
        1.0
      ]
    ],
    [
      [
        240.17770385742188,
        0.0,
        416.0
      ],
      [
        0.0,
        240.0,
        240.0
      ],
      [
        0.0,
        0.0,
        1.0
      ]
    ],
    [
      [
        240.17770385742188,
        0.0,
        416.0
      ],
      [
        0.0,
        240.0,
        240.0
      ],
      [
        0.0,
        0.0,
        1.0
      ]
    ],
    [
      [
        240.17770385742188,
        0.0,
        416.0
      ],
      [
        0.0,
        240.0,
        240.0
      ],
      [
        0.0,
        0.0,
        1.0
      ]
    ],
    [
      [
        240.17770385742188,
        0.0,
        416.0
      ],
      [
        0.0,
        240.0,
        240.0
      ],
      [
        0.0,
        0.0,
        1.0
      ]
    ],
    [
      [
        240.17770385742188,
        0.0,
        416.0
      ],
      [
        0.0,
        240.0,
        240.0
      ],
      [
        0.0,
        0.0,
        1.0
      ]
    ],
    [
      [
        240.17770385742188,
        0.0,
        416.0
      ],
      [
        0.0,
        240.0,
        240.0
      ],
      [
        0.0,
        0.0,
        1.0
      ]
    ],
    [
      [
        240.17770385742188,
        0.0,
        416.0
      ],
      [
        0.0,
        240.0,
        240.0
      ],
      [
        0.0,
        0.0,
        1.0
      ]
    ],
    [
      [
        240.17770385742188,
        0.0,
        416.0
      ],
      [
        0.0,
        240.0,
        240.0
      ],
      [
        0.0,
        0.0,
        1.0
      ]
    ],
    [
      [
        240.17770385742188,
        0.0,
        416.0
      ],
      [
        0.0,
        240.0,
        240.0
      ],
      [
        0.0,
        0.0,
        1.0
      ]
    ],
    [
      [
        240.17770385742188,
        0.0,
        416.0
      ],
      [
        0.0,
        240.0,
        240.0
      ],
      [
        0.0,
        0.0,
        1.0
      ]
    ],
    [
      [
        240.17770385742188,
        0.0,
        416.0
      ],
      [
        0.0,
        240.0,
        240.0
      ],
      [
        0.0,
        0.0,
        1.0
      ]
    ],
    [
      [
        240.17770385742188,
        0.0,
        416.0
      ],
      [
        0.0,
        240.0,
        240.0
      ],
      [
        0.0,
        0.0,
        1.0
      ]
    ]
  ],
  "width": 832,
  "height": 480,
  "type": "right-rotation",
  "rotation_deg": 53.33333333333333
}