{
  "id": 3,
  "type": "surround",
  "width": 832,
  "height": 480,
  "intrinsic": [
    [
      [
        240.17770385742188,
        0.0,
        416.0
      ],
      [
        0.0,
        240.0,
        240.0
      ],
      [
        0.0,
        0.0,
        1.0
      ]
    ],
    [
      [
        240.17770385742188,
        0.0,
        416.0
      ],
      [
        0.0,
        240.0,
        240.0
      ],
      [
        0.0,
        0.0,
        1.0
      ]
    ],
    [
      [
        240.17770385742188,
        0.0,
        416.0
      ],
      [
        0.0,
        240.0,
        240.0
      ],
      [
        0.0,
        0.0,
        1.0
      ]
    ],
    [
      [
        240.17770385742188,
        0.0,
        416.0
      ],
      [
        0.0,
        240.0,
        240.0
      ],
      [
        0.0,
        0.0,
        1.0
      ]
    ],
    [
      [
        240.17770385742188,
        0.0,
        416.0
      ],
      [
        0.0,
        240.0,
        240.0
      ],
      [
        0.0,
        0.0,
        1.0
      ]
    ],
    [
      [
        240.17770385742188,
        0.0,
        416.0
      ],
      [
        0.0,
        240.0,
        240.0
      ],
      [
        0.0,
        0.0,
        1.0
      ]
    ],
    [
      [
        240.17770385742188,
        0.0,
        416.0
      ],
      [
        0.0,
        240.0,
        240.0
      ],
      [
        0.0,
        0.0,
        1.0
      ]
    ],
    [
      [
        240.17770385742188,
        0.0,
        416.0
      ],
      [
        0.0,
        240.0,
        240.0
      ],
      [
        0.0,
        0.0,
        1.0
      ]
    ],
    [
      [
        240.17770385742188,
        0.0,
        416.0
      ],
      [
        0.0,
        240.0,
        240.0
      ],
      [
        0.0,
        0.0,
        1.0
      ]
    ],
    [
      [
        240.17770385742188,
        0.0,
        416.0
      ],
      [
        0.0,
        240.0,
        240.0
      ],
      [
        0.0,
        0.0,
        1.0
      ]
    ],
    [
      [
        240.17770385742188,
        0.0,
        416.0
      ],
      [
        0.0,
        240.0,
        240.0
      ],
      [
        0.0,
        0.0,
        1.0
      ]
    ],
    [
      [
        240.17770385742188,
        0.0,
        416.0
      ],
      [
        0.0,
        240.0,
        240.0
      ],
      [
        0.0,
        0.0,
        1.0
      ]
    ],
    [
      [
        240.17770385742188,
        0.0,
        416.0
      ],
      [
        0.0,
        240.0,
        240.0
      ],
      [
        0.0,
        0.0,
        1.0
      ]
    ],
    [
      [
        240.17770385742188,
        0.0,
        416.0
      ],
      [
        0.0,
        240.0,
        240.0
      ],
      [
        0.0,
        0.0,
        1.0
      ]
    ],
    [
      [
        240.17770385742188,
        0.0,
        416.0
      ],
      [
        0.0,
        240.0,
        240.0
      ],
      [
        0.0,
        0.0,
        1.0
      ]
    ],
    [
      [
        240.17770385742188,
        0.0,
        416.0
      ],
      [
        0.0,
        240.0,
        240.0
      ],
      [
        0.0,
        0.0,
        1.0
      ]
    ],
    [
      [
        240.17770385742188,
        0.0,
        416.0
      ],
      [
        0.0,
        240.0,
        240.0
      ],
      [
        0.0,
        0.0,
        1.0
      ]
    ],
    [
      [
        240.17770385742188,
        0.0,
        416.0
      ],
      [
        0.0,
        240.0,
        240.0
      ],
      [
        0.0,
        0.0,
        1.0
      ]
    ],
    [
      [
        240.17770385742188,
        0.0,
        416.0
      ],
      [
        0.0,
        240.0,
        240.0
      ],
      [
        0.0,
        0.0,
        1.0
      ]
    ],
    [
      [
        240.17770385742188,
        0.0,
        416.0
      ],
      [
        0.0,
        240.0,
        240.0
      ],
      [
        0.0,
        0.0,
        1.0
      ]
    ],
    [
      [
        240.17770385742188,
        0.0,
        416.0
      ],
      [
        0.0,
        240.0,
        240.0
      ],
      [
        0.0,
        0.0,
        1.0
      ]
    ]
  ],
  "extrinsic": [
    [
      [
        0.0008181650546474108,
        0.9999996653029157,
        2.7476021039792094e-21,
        0.0
      ],
      [
        -0.017179667115970253,
        1.4055807989200076e-05,
        -0.9998524185299643,
        -0.0
      ],
      [
        -0.999852083882275,
        0.000818044308645914,
        0.017179672865956667,
        -0.0
      ],
      [
        0.0,
        0.0,
        0.0,
        1.0
      ]
    ],
    [
      [
        0.0008181650546471924,
        0.9999996653029155,
        1.776296795792309e-17,
        -1.3784014258697849e-18
      ],
      [
        0.061320812110298675,
        -5.017056238317494e-05,
        -0.998118106981858,
        0.061011993256798604
      ],
      [
        -0.9981177729146377,
        0.0008166253555431844,
        -0.061320832634202696,
        0.002397157667415154
      ],
      [
        0.0,
        0.0,
        0.0,
        1.0
      ]
    ],
    [
      [
        0.0008181650546473548,
        0.999999665302916,
        -1.5517966299012286e-17,
        1.6416606726383786e-18
      ],
      [
        0.18024526216084572,
        -0.0001474704241236756,
        -0.9836216872970228,
        0.15328454139952122
      ],
      [
        -0.9836213580817121,
        0.0008047648915396894,
        -0.1802453224884296,
        0.014659230936212115
      ],
      [
        0.0,
        0.0,
        0.0,
        1.0
      ]
    ],
    [
      [
        0.0008181650546474757,
        0.9999996653029155,
        -1.0357145624042553e-16,
        2.7559668038957588e-17
      ],
      [
        0.29658264638330567,
        -0.00024265363830131066,
        -0.9550071596503801,
        0.24335254232681078
      ],
      [
        -0.9550068400122682,
        0.0007813534849640219,
        -0.29658274564868586,
        0.03893991489796675
      ],
      [
        0.0,
        0.0,
        0.0,
        1.0
      ]
    ],
    [
      [
        0.0008181650546476538,
        0.9999996653029157,
        -1.328844794474583e-16,
        6.060772585531009e-17
      ],
      [
        0.40866315004318293,
        -0.00033435402039503216,
        -0.9126852239431575,
        0.3299364454771079
      ],
      [
        -0.9126849184700743,
        0.0007467271561234946,
        -0.4086632868215934,
        0.07287806946815666
      ],
      [
        0.0,
        0.0,
        0.0,
        1.0
      ]
    ],
    [
      [
        0.0008181650546472847,
        0.9999996653029156,
        -1.3597283909826248e-17,
        -8.377816101605027e-18
      ],
      [
        0.5148780138324893,
        -0.0004212553393168839,
        -0.8572633512613554,
        0.4117724514055204
      ],
      [
        -0.8572630643378113,
        0.0007013829166318713,
        -0.514878186160717,
        0.11774706378248463
      ],
      [
        0.0,
        0.0,
        0.0,
        1.0
      ]
    ],
    [
      [
        0.0008181650546473084,
        0.9999996653029155,
        -4.9556694921046764e-18,
        -1.4284598301485988e-17
      ],
      [
        0.6137027344227923,
        -0.0005021102993010892,
        -0.7895370172748295,
        0.48771374472616624
      ],
      [
        -0.7895367530190919,
        0.000645971596884746,
        -0.6137029398273769,
        0.17139320543782058
      ],
      [
        0.0,
        0.0,
        0.0,
        1.0
      ]
    ],
    [
      [
        -0.0009004388823785378,
        0.9999995946046439,
        -6.053736673383719e-07,
        -0.008168364599658261
      ],
      [
        0.6947594921601499,
        0.0006251533039926423,
        -0.7192418628227342,
        0.5739085379178765
      ],
      [
        -0.7192415708669717,
        -0.0006480539282216327,
        -0.6947597734202207,
        0.20283084063226411
      ],
      [
        0.0,
        0.0,
        0.0,
        1.0
      ]
    ],
    [
      [
        -0.012446191287411663,
        0.9999225431613731,
        -3.590185657245337e-07,
        -0.06532153498853209
      ],
      [
        0.6937352877257361,
        0.008634772358649056,
        -0.720178305192821,
        0.8080286651613519
      ],
      [
        -0.7201225193580094,
        -0.008963726011321763,
        -0.6937890232120043,
        -0.0406851728026634
      ],
      [
        0.0,
        0.0,
        0.0,
        1.0
      ]
    ],
    [
      [
        -0.010184781443631214,
        0.9999481337682232,
        6.266285471492578e-07,
        -0.054561990552671996
      ],
      [
        0.6926040497834801,
        0.007054838758740416,
        -0.7212834806604199,
        1.0451848180312617
      ],
      [
        -0.7212460748249989,
        -0.007345680603958439,
        -0.6926399790121825,
        -0.28900557124221654
      ],
      [
        0.0,
        0.0,
        0.0,
        1.0
      ]
    ],
    [
      [
        0.0022793182512180583,
        0.999997402349986,
        1.2609883911141214e-06,
        0.006780075767121751
      ],
      [
        0.6912810744220824,
        -0.0015747424899326076,
        -0.7225842486049233,
        1.279636134392229
      ],
      [
        -0.722582369598208,
        0.0016478711632977499,
        -0.6912828680550881,
        -0.5366068774105008
      ],
      [
        0.0,
        0.0,
        0.0,
        1.0
      ]
    ],
    [
      [
        0.022812091671963568,
        0.9997397703735154,
        2.657150109566614e-06,
        0.10788349538051321
      ],
      [
        0.6894878023030189,
        -0.015730828467785143,
        -0.724126447183826,
        1.5090144081812853
      ],
      [
        -0.7239379662297754,
        0.016520670967840136,
        -0.689667230250843,
        -0.7815641616222972
      ],
      [
        0.0,
        0.0,
        0.0,
        1.0
      ]
    ],
    [
      [
        0.05088148636557221,
        0.998704698264493,
        3.107705304112951e-06,
        0.24646533503683826
      ],
      [
        0.6868249058652204,
        -0.03498973821940446,
        -0.7259802110957081,
        1.7313977227225292
      ],
      [
        -0.725039738930537,
        0.036941086661944435,
        -0.6877155902608094,
        -1.0226058030048308
      ],
      [
        0.0,
        0.0,
        0.0,
        1.0
      ]
    ],
    [
      [
        0.08666259473550043,
        0.9962377199352627,
        7.2040964436156575e-06,
        0.4226244636131253
      ],
      [
        0.6827104288941798,
        -0.059383628521240454,
        -0.7282719649573064,
        1.9444542378822922
      ],
      [
        -0.7255315740564537,
        0.06311885646809451,
        -0.6852882203900229,
        -1.258435025485161
      ],
      [
        0.0,
        0.0,
        0.0,
        1.0
      ]
    ],
    [
      [
        0.1298637993961673,
        0.9915318419354583,
        5.871000678335359e-06,
        0.6363250030956009
      ],
      [
        0.6764461470716111,
        -0.08859178342169512,
        -0.7311443811054934,
        2.145346434347786
      ],
      [
        -0.7249524147958701,
        0.09495315865330703,
        -0.6822227597664825,
        -1.4875734878845652
      ],
      [
        0.0,
        0.0,
        0.0,
        1.0
      ]
    ],
    [
      [
        0.18003272204169576,
        0.9836606216950107,
        1.7912069200838592e-05,
        0.8831469367765468
      ],
      [
        0.6670215717448856,
        -0.12206704398685214,
        -0.7349706522027216,
        2.3311519642806795
      ],
      [
        -0.7229595021999778,
        0.1323307148733681,
        -0.6780989161470938,
        -1.710096665981002
      ],
      [
        0.0,
        0.0,
        0.0,
        1.0
      ]
    ],
    [
      [
        0.23211241913314984,
        0.9726889661149564,
        9.076030291212781e-06,
        1.1413781747904852
      ],
      [
        0.6540330343462468,
        -0.15606476178511344,
        -0.7401922588846744,
        2.5021754003211094
      ],
      [
        -0.7199754265723227,
        0.17181375185698367,
        -0.6723952853826598,
        -1.9309813228301331
      ],
      [
        0.0,
        0.0,
        0.0,
        1.0
      ]
    ],
    [
      [
        0.2598304822646815,
        0.965654244783675,
        -4.168081341515099e-06,
        1.2791542764789738
      ],
      [
        0.6404835502175997,
        -0.17233939576586496,
        -0.7483848973407435,
        2.679330798385954
      ],
      [
        -0.7226817711737039,
        0.19445053920811442,
        -0.663264687296792,
        -2.188384666087369
      ],
      [
        0.0,
        0.0,
        0.0,
        1.0
      ]
    ],
    [
      [
        0.18235458720097159,
        0.983232832959449,
        -2.6782438122280218e-05,
        0.8972133084129124
      ],
      [
        0.6385334549671334,
        -0.11844587234676696,
        -0.7604246196775516,
        2.904370193857661
      ],
      [
        -0.747677625326918,
        0.13864981613600905,
        -0.6494262060241731,
        -2.5482200277760905
      ],
      [
        0.0,
        0.0,
        0.0,
        1.0
      ]
    ],
    [
      [
        -0.13519727739815207,
        0.9908186998774924,
        -1.253804788581774e-05,
        -0.6712283879751093
      ],
      [
        0.6347848588305532,
        0.08660671997299357,
        -0.7678199392142624,
        2.987994659809571
      ],
      [
        -0.7607692680330883,
        -0.10381512427674014,
        -0.6406657012731393,
        -2.7167611655213237
      ],
      [
        0.0,
        0.0,
        0.0,
        1.0
      ]
    ],
    [
      [
        -0.46750735547626004,
        0.8839891812548349,
        -8.979290787158936e-09,
        -2.3118104553958982
      ],
      [
        0.5717628472181013,
        0.30238303305354497,
        -0.7626609652148117,
        2.606057833080447
      ],
      [
        -0.6741840395000784,
        -0.35654961610657354,
        -0.646798463308016,
        -2.216827772622603
      ],
      [
        0.0,
        0.0,
        0.0,
        1.0
      ]
    ]
  ],
  "rotation_deg": 45.0,
  "max_xy_angle": 44.0156364440918
}